data,High,Low,Open,Close,Volume,Adj Close,text_polaridade,Variacao,norm
2015-01-02,50005.0,48345.0,50005.0,48512.0,2882100.0,48512.0,-0.21156666666666668,,
2015-01-05,48512.0,47264.0,48512.0,47517.0,3866100.0,47517.0,-0.5048333333333334,-2.0510389182058044,0.4382970641019575
2015-01-06,48061.0,47338.0,47517.0,48001.0,4559300.0,48001.0,0.2500730769230769,1.018582822989667,0.6376699276798881
2015-01-07,49882.0,48006.0,48006.0,49463.0,4408800.0,49463.0,-0.09682307692307693,3.0457698797941712,0.7693363421762318
2015-01-08,50261.0,49017.0,49463.0,49943.0,3621900.0,49943.0,-0.3993857142857143,0.970422335887431,0.6345418894281323
2015-01-09,49955.0,48501.0,49955.0,48840.0,2999200.0,48840.0,-0.034715384615384606,-2.208517710189616,0.4280687687751274
2015-01-12,48840.0,47956.0,48840.0,48140.0,3246100.0,48140.0,-0.5312583333333333,-1.4332514332514332,0.47842254871948303
2015-01-13,48939.0,48042.0,48144.0,48042.0,3881600.0,48042.0,-0.009390909090909096,-0.20357291233901123,0.5582905418029253
2015-01-14,48281.0,47372.0,48038.0,47646.0,3697200.0,47646.0,0.031138461538461563,-0.8242787560884226,0.5179755088960759
2015-01-15,48853.0,47648.0,47648.0,48026.0,4463600.0,48026.0,-0.33762916666666665,0.7975485874994753,0.6233136870112005
2015-01-16,49264.0,48028.0,48028.0,49017.0,3344900.0,49017.0,0.0703423076923077,2.0634656227876564,0.7055353826000502
2015-01-19,49009.0,47503.0,49009.0,47758.0,2096000.0,47758.0,0.21310250000000003,-2.5684966440214616,0.40468802778590235
2015-01-20,48687.0,47619.0,47759.0,47877.0,2899100.0,47877.0,0.10672962962962956,0.24917291343858622,0.5876965205744596
2015-01-21,49329.0,47888.0,47888.0,49224.0,3561400.0,49224.0,0.02352432432432432,2.813459489942979,0.7542477118600093
2015-01-22,50281.0,49227.0,49227.0,49443.0,4952300.0,49443.0,0.07657037037037037,0.4449049244271087,0.6004093740837168
2015-01-23,49523.0,48496.0,49432.0,48775.0,3081600.0,48775.0,-0.3604037037037037,-1.351050704852052,0.48376151097311687
2015-01-26,48712.0,48004.0,48712.0,48577.0,2774200.0,48577.0,-0.045686666666666674,-0.40594566888774986,0.545146369854375
2015-01-27,48864.0,47352.0,48577.0,48591.0,3890900.0,48591.0,-0.008576470588235274,0.02882022356259135,0.5733845465002315
2015-01-28,48589.0,47550.0,48589.0,47695.0,4241400.0,47695.0,-0.042141935483870956,-1.8439628737832108,0.45174671602514355
2015-01-29,47894.0,47007.0,47696.0,47762.0,4405500.0,47762.0,-0.06825862068965517,0.14047594087430548,0.5806366192219391
2015-01-30,47759.0,46484.0,47759.0,46908.0,4846600.0,46908.0,0.06263437500000002,-1.7880323269544827,0.45537942201398646
2015-02-02,47684.0,46760.0,46933.0,47651.0,3247800.0,47651.0,0.27553636363636363,1.583951564765072,0.6743907990212916
2015-02-03,48993.0,47664.0,47664.0,48964.0,4819800.0,48964.0,0.0822,2.755451092317055,0.7504800488313575
2015-02-04,49718.0,48214.0,48965.0,49301.0,4811300.0,49301.0,-0.19263999999999998,0.6882607630095581,0.6162154096468138
2015-02-05,49816.0,49020.0,49299.0,49234.0,4004000.0,49234.0,0.3057,-0.13589988032697103,0.5626859257677218
2015-02-06,49231.0,48209.0,49231.0,48792.0,4591400.0,48792.0,0.05680555555555558,-0.8977535849209896,0.5132032964672109
2015-02-09,49522.0,48416.0,48792.0,49383.0,3658900.0,49383.0,-0.06288214285714286,1.2112641416625678,0.6501846377975026
2015-02-10,49799.0,48510.0,49359.0,48510.0,3796000.0,48510.0,0.09813999999999998,-1.7678148350646985,0.45669255424729543
2015-02-11,48762.0,47841.0,48508.0,48240.0,4307600.0,48240.0,0.06067692307692309,-0.5565862708719851,0.5353622170430896
2015-02-12,49690.0,48240.0,48240.0,49533.0,3828500.0,49533.0,-0.20641250000000003,2.6803482587064678,0.7456020969981366
2015-02-13,50726.0,49476.0,49546.0,50636.0,3888100.0,50636.0,-0.14822580645161287,2.226798296085438,0.7161438892946032
2015-02-18,51868.0,50639.0,50639.0,51280.0,2940700.0,51280.0,-0.23219166666666666,1.2718224188324512,0.6541179162763042
2015-02-19,51638.0,50870.0,51281.0,51294.0,2485100.0,51294.0,-0.2695857142857144,0.027301092043681748,0.5732858784470927
2015-02-20,51450.0,50711.0,51301.0,51238.0,2208700.0,51238.0,0.215276,-0.10917456232697781,0.5644217432817111
2015-02-23,51690.0,50861.0,51238.0,51281.0,2824500.0,51281.0,0.06855172413793105,0.08392208907451501,0.5769634293860817
2015-02-24,51956.0,51049.0,51288.0,51874.0,3004200.0,51874.0,0.026252500000000022,1.156373705660966,0.6466194873225067
2015-02-25,51863.0,51051.0,51863.0,51811.0,3477200.0,51811.0,-0.19958666666666663,-0.12144812430119134,0.5636245717070314
2015-02-26,51922.0,51181.0,51812.0,51761.0,3239000.0,51761.0,-0.12939302325581395,-0.09650460326957597,0.565244660967232
2015-02-27,52457.0,51474.0,51760.0,51583.0,4177300.0,51583.0,0.00956904761904763,-0.34388825563648306,0.5491770176765806
2015-03-02,51580.0,50775.0,51580.0,51021.0,2793700.0,51021.0,-0.04096800000000002,-1.0895062326735552,0.5007489038076807
2015-03-03,51432.0,50995.0,51021.0,51304.0,2746200.0,51304.0,-0.20094782608695655,0.5546735657866368,0.6075388806496902
2015-03-04,51303.0,50399.0,51303.0,50468.0,3654700.0,50468.0,0.17698181818181818,-1.6295025728987993,0.4656759776463027
2015-03-05,50734.0,50114.0,50472.0,50365.0,2732500.0,50365.0,-0.31260000000000004,-0.2040897202187525,0.5582569749743089
2015-03-06,50401.0,49779.0,50355.0,49981.0,2787800.0,49981.0,0.0727409090909091,-0.7624342301201231,0.5219923296246513
2015-03-09,49978.0,48952.0,49978.0,49181.0,3299100.0,49181.0,-0.30483124999999994,-1.6006082311278287,0.4675526739124147
2015-03-10,49177.0,48293.0,49177.0,48293.0,4434300.0,48293.0,-0.36929999999999996,-1.8055753238039078,0.4542399990451335
2015-03-11,48937.0,48309.0,48309.0,48906.0,3839700.0,48906.0,-0.007314814814814819,1.2693351003250988,0.6539563641844662
2015-03-12,49633.0,48684.0,48908.0,48880.0,3833200.0,48880.0,0.04158974358974358,-0.053163211057947905,0.568059697543472
2015-03-13,48858.0,47905.0,48858.0,48596.0,4475600.0,48596.0,-0.324204761904762,-0.5810147299509002,0.5337755812130142
2015-03-16,49205.0,48394.0,48602.0,48848.0,3155400.0,48848.0,-0.17221071428571427,0.5185611984525476,0.6051933714329188
2015-03-17,50384.0,48841.0,48849.0,50285.0,4013900.0,50285.0,-0.002272413793103449,2.9417785784474284,0.7625820755972424
2015-03-18,51773.0,49788.0,50284.0,51526.0,4458900.0,51526.0,-0.13015806451612907,2.467932783136124,0.7318056474016355
2015-03-19,51547.0,50791.0,51530.0,50954.0,3263600.0,50954.0,-0.18180322580645158,-1.1101191631409386,0.49941008771875944
2015-03-20,52286.0,50964.0,50964.0,51967.0,4916800.0,51967.0,0.06078275862068969,1.9880676688778114,0.7006382626138371
2015-03-23,52178.0,51516.0,51970.0,51908.0,3397500.0,51908.0,-0.1020764705882353,-0.11353358862354956,0.5641386232009872
2015-03-24,52223.0,51006.0,51908.0,51506.0,3436500.0,51506.0,0.07280625,-0.7744470987131078,0.5212120901641906
2015-03-25,52319.0,51507.0,51507.0,51858.0,4774600.0,51858.0,0.012104166666666675,0.6834155244049237,0.6159007099291385
2015-03-26,51835.0,50528.0,51835.0,50580.0,3638500.0,50580.0,-0.10569555555555558,-2.4644220756681707,0.4114477025822346
2015-03-27,50575.0,49909.0,50575.0,50095.0,3927700.0,50095.0,-0.11282666666666667,-0.9588770264926848,0.5092333103890105
2015-03-30,51265.0,50100.0,50100.0,51243.0,2798500.0,51243.0,0.056328124999999965,2.2916458728416007,0.7203557590831363
2015-03-31,51466.0,50612.0,51243.0,51150.0,3511300.0,51150.0,-0.22790249999999995,-0.18148820326678766,0.5597249503588472
2015-04-01,52613.0,51186.0,51186.0,52322.0,4411500.0,52322.0,0.37992222222222227,2.291300097751711,0.7203333008861214
2015-04-02,53312.0,52322.0,52322.0,53123.0,4266500.0,53123.0,-0.03475714285714284,1.5309047819272963,0.6709453943787493
2015-04-06,54146.0,53122.0,53124.0,53737.0,3322100.0,53737.0,-0.4673285714285714,1.1558082186623497,0.6465827587703475
2015-04-07,54002.0,53436.0,53738.0,53729.0,3487100.0,53729.0,-0.5225294117647059,-0.014887321584755383,0.5705457281797063
2015-04-08,54458.0,53508.0,53732.0,53661.0,4780400.0,53661.0,-0.2940428571428571,-0.1265610750246608,0.5632924840059995
2015-04-09,54002.0,53292.0,53638.0,53803.0,4338300.0,53803.0,-0.1823913043478261,0.26462421497922145,0.5887000872982746
2015-04-10,54413.0,53556.0,53803.0,54214.0,3683000.0,54214.0,-0.01955714285714286,0.7638979239075888,0.6211280661994978
2015-04-13,54866.0,54004.0,54214.0,54240.0,3660300.0,54240.0,-0.1228913043478261,0.04795809200575497,0.574627556863067
2015-04-14,54625.0,53773.0,54240.0,53982.0,3747100.0,53982.0,0.17180333333333334,-0.4756637168141593,0.5406181614853731
2015-04-15,54960.0,54037.0,54037.0,54919.0,4069600.0,54919.0,-0.12469444444444444,1.735763773109555,0.6842510480212032
2015-04-16,54919.0,54316.0,54919.0,54674.0,4133000.0,54674.0,-0.008169565217391312,-0.4461115460951583,0.5425375839412802
2015-04-17,54672.0,53896.0,54672.0,53955.0,3537200.0,53955.0,0.10563076923076925,-1.3150674909463365,0.4860986316355232
2015-04-20,54385.0,53510.0,53965.0,53761.0,2688000.0,53761.0,0.22324285714285713,-0.3595588916689834,0.5481592051109612
2015-04-22,54848.0,53762.0,53762.0,54617.0,3700600.0,54617.0,-0.07332195121951221,1.5922322873458454,0.6749286344657267
2015-04-23,55782.0,54064.0,54616.0,55685.0,5535100.0,55685.0,-0.07002285714285714,1.955435120933043,0.6985187687223654
2015-04-24,56965.0,55687.0,55687.0,56594.0,4982000.0,56594.0,-0.22437083333333332,1.6323965161174463,0.6775373133124156
2015-04-27,56962.0,55515.0,56554.0,55535.0,3854300.0,55535.0,0.12136129032258064,-1.8712230978548965,0.4499761561994787
2015-04-28,56018.0,54973.0,55549.0,55812.0,4082600.0,55812.0,-0.05820384615384617,0.4987845502836049,0.6039088721330541
2015-04-29,55809.0,55067.0,55809.0,55325.0,3888400.0,55325.0,0.07467179487179487,-0.872572206693901,0.5148388346244362
2015-04-30,56229.0,55080.0,55312.0,56229.0,4947500.0,56229.0,-0.0035071428571428675,1.6339810212381383,0.6776402274008282
2015-05-04,57520.0,56230.0,56230.0,57354.0,3492600.0,57354.0,-0.82025,2.00074694552633,0.7014617854797286
2015-05-05,58147.0,57096.0,57350.0,58052.0,3903800.0,58052.0,-0.2363153846153846,1.2170031732747497,0.6505573896422426
2015-05-06,58575.0,56820.0,58050.0,57103.0,4598400.0,57103.0,0.073025,-1.6347412664507683,0.4653357229104027
2015-05-07,57290.0,56507.0,57103.0,56921.0,3065100.0,56921.0,-0.4586722222222222,-0.31872230881039526,0.5508115535596281
2015-05-08,57621.0,56595.0,56965.0,57149.0,3410900.0,57149.0,-0.04730399999999999,0.40055515539080483,0.5975288431267187
2015-05-11,57490.0,57013.0,57166.0,57197.0,2966300.0,57197.0,-0.2944399999999999,0.08399097097062065,0.5769679032861362
2015-05-12,57424.0,56753.0,57193.0,56792.0,3087600.0,56792.0,-0.31937857142857146,-0.7080790950574332,0.5255227121412258
2015-05-13,56900.0,56199.0,56790.0,56372.0,3071700.0,56372.0,-0.31117619047619044,-0.7395407803916044,0.5234792661316148
2015-05-14,56921.0,56105.0,56376.0,56657.0,3209800.0,56657.0,0.16888823529411767,0.5055701412048534,0.6043495983225001
2015-05-15,57288.0,56422.0,56656.0,57249.0,2894400.0,57249.0,0.008275,1.0448841272923028,0.6393782053755657
2015-05-18,57606.0,55926.0,57250.0,56204.0,3778400.0,56204.0,0.16568148148148149,-1.8253593949239286,0.45295501762234364
2015-05-19,56212.0,55027.0,56204.0,55499.0,3223000.0,55499.0,-0.038096153846153856,-1.2543591203473063,0.4900416587280943
2015-05-20,55645.0,54820.0,55497.0,54901.0,3278700.0,54901.0,-0.07290333333333335,-1.077496891835889,0.501528914139363
2015-05-21,55112.0,54526.0,54900.0,55112.0,3303700.0,55112.0,0.10218695652173915,0.3843281543141291,0.5964748944826493
2015-05-22,55223.0,54038.0,55112.0,54377.0,3689100.0,54377.0,-0.09822258064516134,-1.3336478443896067,0.48489183204111064
2015-05-25,54868.0,53972.0,54378.0,54609.0,1604600.0,54609.0,-0.026332142857142853,0.42665097375728706,0.5992237744484876
2015-05-26,54609.0,53548.0,54609.0,53630.0,3324200.0,53630.0,-0.08116666666666666,-1.7927447856580416,0.45507334639117847
2015-05-27,54293.0,53136.0,53631.0,54236.0,3475600.0,54236.0,-0.142925,1.1299645720678724,0.6449042060816927
2015-05-28,54230.0,53363.0,54230.0,53976.0,2914500.0,53976.0,-0.05552999999999999,-0.4793863854266539,0.5403763730293349
2015-05-29,53974.0,52760.0,53974.0,52760.0,5553300.0,52760.0,-0.5499310344827587,-2.2528531199051427,0.42518917046037125
2015-06-01,53233.0,52666.0,52753.0,53031.0,2675400.0,53031.0,-0.084192,0.5136467020470054,0.6048741734000581
2015-06-02,54236.0,53035.0,53035.0,54236.0,3476000.0,54236.0,0.04448749999999999,2.272255850351681,0.719096371238447
2015-06-03,54254.0,53462.0,54254.0,53523.0,3317500.0,53523.0,0.12930869565217387,-1.3146249723430932,0.48612737335308764
2015-06-05,53518.0,52808.0,53518.0,52973.0,2729100.0,52973.0,-0.10878928571428571,-1.0275956131009099,0.5047700173359146
2015-06-08,53325.0,52810.0,52975.0,52810.0,2582500.0,52810.0,0.047975,-0.3077039246408548,0.5515272009550064
2015-06-09,53292.0,52688.0,52810.0,52816.0,3678000.0,52816.0,-0.57087,0.011361484567316796,0.572250596104574
2015-06-10,54102.0,52817.0,52817.0,53876.0,3587500.0,53876.0,0.19532333333333338,2.006967585580127,0.7018658179388972
2015-06-11,54271.0,53444.0,53876.0,53689.0,3093500.0,53689.0,-0.19090000000000001,-0.34709332541391347,0.548968847421947
2015-06-12,53689.0,53033.0,53689.0,53348.0,2379500.0,53348.0,-0.5038777777777779,-0.6351394140326696,0.5302601665575815
2015-06-15,53338.0,52548.0,53338.0,53138.0,2607700.0,53138.0,0.22417407407407405,-0.39364174851915723,0.5459455132159822
2015-06-16,53969.0,53107.0,53144.0,53702.0,3280300.0,53702.0,0.03165714285714283,1.0613873311001543,0.6404500934708397
2015-06-17,53755.0,52965.0,53698.0,53249.0,2993200.0,53249.0,-0.08539999999999999,-0.8435440020855833,0.5167242253224551
2015-06-18,54352.0,53214.0,53251.0,54239.0,2665000.0,54239.0,-0.13864285714285712,1.8591898439407313,0.6922676087757541
2015-06-19,54236.0,53479.0,54236.0,53749.0,2948200.0,53749.0,0.02479999999999999,-0.9034089861538745,0.512835976440984
2015-06-22,54342.0,53655.0,53750.0,53864.0,2354400.0,53864.0,0.21541851851851856,0.21395746897616702,0.5854092667703776
2015-06-23,54361.0,53772.0,53865.0,53772.0,2625300.0,53772.0,0.131165,-0.17080053467993464,0.5604191176767731
2015-06-24,54236.0,53628.0,53772.0,53843.0,2731100.0,53843.0,0.12163225806451619,0.1320389793944804,0.5800886360135994
2015-06-25,53840.0,52879.0,53840.0,53176.0,3234900.0,53176.0,-0.19039687499999997,-1.2387868432293891,0.4910530828523641
2015-06-26,54076.0,53151.0,53181.0,54017.0,2705400.0,54017.0,-0.01739523809523811,1.5815405446065893,0.6742342025303659
2015-06-29,54013.0,52647.0,54013.0,53014.0,2550600.0,53014.0,-0.1177676470588235,-1.8568228520650907,0.45091145653333076
2015-06-30,53345.0,52813.0,53014.0,53081.0,3021100.0,53081.0,-0.1322129032258065,0.12638171049156827,0.5797211946816376
2015-07-01,53456.0,52603.0,53081.0,52758.0,2714000.0,52758.0,-0.1486230769230769,-0.6085039844765547,0.531990145789864
2015-07-02,53357.0,52758.0,52758.0,53106.0,2998100.0,53106.0,-0.2655666666666667,0.6596156033208234,0.6143548978325581
2015-07-03,53106.0,52370.0,53106.0,52519.0,1498600.0,52519.0,-0.26287499999999997,-1.1053364968176855,0.4997207233477713
2015-07-06,52679.0,51683.0,52511.0,52149.0,2573500.0,52149.0,-0.17420000000000002,-0.7045069403453988,0.5257547246737552
2015-07-07,52388.0,51130.0,52149.0,52344.0,3538900.0,52344.0,-0.35531379310344813,0.37392855088304666,0.5957994370840051
2015-07-08,52468.0,51574.0,52343.0,51782.0,2880300.0,51782.0,-0.19674705882352939,-1.0736665138315757,0.5017776983530845
2015-07-10,52786.0,51782.0,51782.0,52591.0,2678700.0,52591.0,0.015156666666666636,1.5623189525317678,0.672985754292248
2015-07-13,53164.0,52591.0,52591.0,53119.0,2606900.0,53119.0,0.20520000000000005,1.0039740640033465,0.6367210843506484
2015-07-14,53416.0,52653.0,53119.0,53239.0,2740900.0,53239.0,-0.32524838709677417,0.22590786724147668,0.5861854487640991
2015-07-15,53334.0,52790.0,53239.0,52902.0,2533600.0,52902.0,-0.3133000000000001,-0.6329946092150491,0.5303994722813344
2015-07-16,53417.0,52714.0,52902.0,53070.0,2075700.0,53070.0,0.12529062499999996,0.31756833390041966,0.5921388238882815
2015-07-17,53310.0,52221.0,53070.0,52342.0,2440800.0,52342.0,-0.21077142857142855,-1.3717731298285285,0.4824155831826035
2015-07-20,52424.0,51525.0,52341.0,51600.0,2635000.0,51600.0,0.2361913043478261,-1.4175996331817662,0.47943913788360054
2015-07-21,51998.0,51244.0,51603.0,51474.0,2942600.0,51474.0,-0.23708947368421052,-0.2441860465116279,0.5556527064142185
2015-07-22,51474.0,50592.0,51474.0,50916.0,3123300.0,50916.0,-0.1981875,-1.084042429187551,0.5011037795021066
2015-07-23,51063.0,49668.0,50916.0,49807.0,4181500.0,49807.0,-0.20909999999999998,-2.1780972582292404,0.43004458636114473
2015-07-24,49831.0,48624.0,49804.0,49246.0,3632500.0,49246.0,-0.19999583333333334,-1.1263477021302226,0.49835603918679944
2015-07-27,49298.0,48640.0,49246.0,48736.0,3489100.0,48736.0,0.09128823529411764,-1.0356171059578443,0.5042490189407072
2015-07-28,49871.0,48740.0,48740.0,49602.0,4137600.0,49602.0,0.021118181818181782,1.7769205515430073,0.686924193269622
2015-07-29,50333.0,49422.0,49602.0,50245.0,3746800.0,50245.0,-0.010751851851851853,1.2963186968267408,0.6557089569655132
2015-07-30,50645.0,49612.0,50245.0,49897.0,3261200.0,49897.0,0.30938387096774184,-0.6926062294755697,0.5265276794560622
2015-07-31,50895.0,49892.0,49897.0,50865.0,3142200.0,50865.0,-0.23770526315789478,1.9399963925686916,0.6975160186301654
2015-08-03,50867.0,50054.0,50867.0,50138.0,2613200.0,50138.0,0.0932214285714286,-1.429273567285953,0.4786809123210381
2015-08-04,50574.0,49827.0,50138.0,50058.0,2670400.0,50058.0,0.16425,-0.15955961546132674,0.5611492187911173
2015-08-05,50853.0,50067.0,50067.0,50287.0,2662100.0,50287.0,0.08541666666666665,0.457469335570738,0.6012254364002092
2015-08-06,50534.0,49624.0,50280.0,50011.0,3640800.0,50011.0,-0.0012130434782609146,-0.5488496032771889,0.5358647159510901
2015-08-07,50013.0,48512.0,50013.0,48577.0,3218400.0,48577.0,-0.29909736842105267,-2.867369178780668,0.3852761659593923
2015-08-10,49512.0,48578.0,48578.0,49353.0,2842100.0,49353.0,-0.05348947368421051,1.597463820326492,0.6752684241203465
2015-08-11,49340.0,48306.0,49340.0,49072.0,3288000.0,49072.0,-0.06938888888888893,-0.5693676169635078,0.5345320647359019
2015-08-12,49064.0,48028.0,49064.0,48388.0,4234500.0,48388.0,-0.14080399999999996,-1.3938702314965765,0.48098036972382224
2015-08-13,48606.0,47722.0,48390.0,48010.0,3186500.0,48010.0,-0.38475909090909083,-0.7811854178721997,0.5207744342900414
2015-08-14,48186.0,47508.0,48010.0,47508.0,2878900.0,47508.0,-0.07611851851851853,-1.045615496771506,0.5035996204233137
2015-08-17,47788.0,47217.0,47509.0,47217.0,2411800.0,47217.0,0.26639999999999997,-0.612528416266734,0.5317287577238642
2015-08-18,48084.0,46676.0,47220.0,47451.0,3544600.0,47451.0,0.11643529411764705,0.4955842175487642,0.6037010095507742
2015-08-19,47451.0,45977.0,47451.0,46588.0,3236800.0,46588.0,-0.19820384615384617,-1.8187182567279931,0.4533863615634459
2015-08-20,46781.0,46030.0,46588.0,46649.0,2945700.0,46649.0,0.019009999999999985,0.13093500472224606,0.580016932523633
2015-08-21,46649.0,45677.0,46649.0,45720.0,2869600.0,45720.0,-0.1298772727272727,-1.9914681986752127,0.4421662004124094
2015-08-24,45715.0,42749.0,45715.0,44336.0,4727700.0,44336.0,-0.25902058823529406,-3.027121609798775,0.3749001970873411
2015-08-25,45588.0,44338.0,44338.0,44545.0,3726600.0,44545.0,-0.07643333333333334,0.47140021652832914,0.6021302513457786
2015-08-26,46039.0,44540.0,44546.0,46038.0,3739600.0,46038.0,0.077224,3.3516668537434056,0.7892044434597243
2015-08-27,47997.0,46038.0,46038.0,47715.0,4252000.0,47715.0,0.30628124999999995,3.642643034015378,0.8081034346661127
2015-08-28,47872.0,46847.0,47697.0,47154.0,3778600.0,47154.0,-0.14492727272727274,-1.1757309022320024,0.4951485853546867
2015-08-31,47151.0,45570.0,47151.0,46626.0,4667300.0,46626.0,-0.07903589743589744,-1.1197353352843875,0.4987855144199819
2015-09-01,46625.0,45278.0,46625.0,45477.0,3665000.0,45477.0,0.0887354838709677,-2.4642903101273967,0.4114562607940926
2015-09-02,46474.0,45445.0,45484.0,46464.0,3740100.0,46464.0,0.17608157894736842,2.170327858038129,0.7124761172072817
2015-09-03,47532.0,46279.0,46468.0,47366.0,4103000.0,47366.0,0.1243,1.941287878787879,0.6975999010520076
2015-09-04,47377.0,46320.0,47366.0,46498.0,4174900.0,46498.0,-0.006944444444444477,-1.8325381075032725,0.4524887580619102
2015-09-08,47243.0,46497.0,46501.0,46762.0,2851000.0,46762.0,0.3715545454545454,0.5677663555421738,0.6083892613173645
2015-09-09,47840.0,46614.0,46762.0,46657.0,3699200.0,46657.0,-0.37350740740740745,-0.2245412942132501,0.5569286390372659
2015-09-10,46819.0,45592.0,46656.0,46504.0,4483200.0,46504.0,-0.11285200000000004,-0.32792507019311146,0.550213831415211
2015-09-11,46558.0,46176.0,46509.0,46401.0,3615300.0,46401.0,-0.15751041666666657,-0.22148632375709618,0.5571270602954342
2015-09-14,47386.0,46218.0,46400.0,47282.0,3579400.0,47282.0,0.05591818181818184,1.8986659770263572,0.6948315955988341
2015-09-15,47689.0,46746.0,47281.0,47364.0,3562000.0,47364.0,-0.3169565217391304,0.1734275199864642,0.582776834284544
2015-09-16,48681.0,47364.0,47364.0,48553.0,4320300.0,48553.0,-0.0847607142857143,2.510345410016046,0.734560360387744
2015-09-17,49396.0,48082.0,48553.0,48551.0,4184700.0,48551.0,-0.0923947368421053,-0.004119209935534364,0.5712451202989437
2015-09-18,48550.0,46928.0,48550.0,47264.0,4381000.0,47264.0,-0.019428571428571413,-2.65082078638957,0.3993410497575493
2015-09-21,47391.0,46425.0,47263.0,46590.0,2601200.0,46590.0,-0.06734,-1.42603249830738,0.4788914207347099
2015-09-22,46585.0,45276.0,46585.0,46265.0,4193100.0,46265.0,0.0665774193548387,-0.6975745868212062,0.5262049831387979
2015-09-23,46480.0,45340.0,46263.0,45340.0,3962000.0,45340.0,-0.04190370370370373,-1.9993515616556792,0.44165417359459447
2015-09-24,45572.0,44183.0,45340.0,45292.0,4331700.0,45292.0,-0.1352938775510204,-0.10586678429642699,0.564636584468552
2015-09-25,45969.0,44697.0,45300.0,44831.0,3135300.0,44831.0,-0.39101052631578953,-1.0178397951073037,0.505403660675036
2015-09-28,44832.0,43767.0,44832.0,43957.0,2771900.0,43957.0,0.08086206896551722,-1.949543842430461,0.44488920007259625
2015-09-29,44531.0,43956.0,43956.0,44132.0,2960700.0,44132.0,-0.14255142857142855,0.3981163409695839,0.5973704413899937
2015-09-30,45294.0,44132.0,44132.0,45059.0,4831200.0,45059.0,-0.17869000000000002,2.1005166319224147,0.7079418568866092
2015-10-01,45547.0,44789.0,45064.0,45313.0,3773200.0,45313.0,-0.8016428571428572,0.5637053640782086,0.6081254986894581
2015-10-02,47033.0,44973.0,45313.0,47033.0,4001300.0,47033.0,-0.282648275862069,3.795820184053141,0.8180523370431989
2015-10-05,48081.0,47019.0,47033.0,47598.0,3323700.0,47598.0,-0.18743999999999997,1.2012842047073333,0.6495364378638138
2015-10-06,48092.0,47389.0,47598.0,47735.0,3370800.0,47735.0,0.15146250000000006,0.28782721963107694,0.5902071294914443
2015-10-07,49290.0,47715.0,47735.0,48914.0,6060700.0,48914.0,-0.0770235294117647,2.4698858280087985,0.7319324982587738
2015-10-08,49247.0,48658.0,48915.0,49107.0,3585000.0,49107.0,0.16828000000000004,0.39457006174101483,0.5971401094779677
2015-10-09,49752.0,48698.0,49105.0,49338.0,4551200.0,49338.0,-0.48844375,0.4704013684403445,0.60206537585936
2015-10-13,49339.0,47135.0,49339.0,47363.0,4221100.0,47363.0,-0.04478636363636365,-4.002999716243058,0.311516617940214
2015-10-14,47715.0,46701.0,47349.0,46710.0,6141700.0,46710.0,-0.05549583333333331,-1.3787133416379875,0.48196481431954796
2015-10-15,47188.0,46321.0,46730.0,47161.0,3653000.0,47161.0,-0.1623086956521739,0.9655320059944338,0.6342242610175947
2015-10-16,47727.0,46517.0,47161.0,47236.0,3537700.0,47236.0,0.08102000000000001,0.15902970674922076,0.581841691945719
2015-10-19,47536.0,46917.0,47242.0,47447.0,3133600.0,47447.0,0.110104,0.4466932001016174,0.6005255231314345
2015-10-20,47728.0,46623.0,47447.0,47077.0,3297000.0,47077.0,-0.23659999999999998,-0.7798174805572534,0.5208632822337524
2015-10-21,47274.0,46654.0,47077.0,47026.0,2957300.0,47026.0,0.1816294117647059,-0.10833315631837202,0.5644763928572977
2015-10-22,47909.0,47027.0,47027.0,47772.0,3124100.0,47772.0,-0.13727619047619047,1.5863564836473438,0.6745469992324763
2015-10-23,48837.0,47502.0,47774.0,47597.0,3592300.0,47597.0,-0.2520785714285715,-0.36632336933768733,0.5477198502336749
2015-10-26,47875.0,47105.0,47607.0,47209.0,2451400.0,47209.0,0.03608064516129031,-0.81517742714877,0.518566642972536
2015-10-27,47338.0,46742.0,47205.0,47043.0,3443800.0,47043.0,0.03868095238095239,-0.3516278675676248,0.5486743275330409
2015-10-28,47441.0,46388.0,47038.0,46741.0,4085200.0,46741.0,-0.13345666666666667,-0.6419658610207682,0.5298167867541956
2015-10-29,46740.0,45628.0,46740.0,45628.0,3082000.0,45628.0,-0.004684374999999984,-2.381207077298303,0.4168525419782353
2015-10-30,45975.0,45401.0,45628.0,45869.0,3231400.0,45869.0,-0.15166470588235292,0.5281844481458753,0.6058184044207088
2015-11-03,48054.0,45866.0,45869.0,48054.0,4603800.0,48054.0,0.09587187499999995,4.763565806972029,0.8809077089175213
2015-11-04,49054.0,47441.0,48059.0,47710.0,3627200.0,47710.0,-0.19763124999999998,-0.7158613226786532,0.5250172540956838
2015-11-05,48061.0,47430.0,47712.0,48047.0,3189000.0,48047.0,0.06695882352941179,0.7063508698386083,0.6173903675748659
2015-11-06,48046.0,46397.0,48046.0,46919.0,3091100.0,46919.0,0.2080883720930233,-2.347701209232626,0.41902875827657193
2015-11-09,47001.0,46057.0,46915.0,46195.0,2278500.0,46195.0,-0.016277777777777797,-1.5430848909823314,0.4712888323105203
2015-11-10,46195.0,45397.0,46195.0,46179.0,2401800.0,46179.0,-0.3768666666666666,-0.03463578309340838,0.5692630596119806
2015-11-11,47231.0,46207.0,46207.0,47065.0,3071700.0,47065.0,0.07104285714285716,1.9186210182117414,0.6961276815792506
2015-11-12,47460.0,46696.0,47065.0,46884.0,3154200.0,46884.0,-0.0921,-0.38457452459364705,0.5465344321614243
2015-11-13,46884.0,46311.0,46884.0,46517.0,3517200.0,46517.0,0.003479999999999961,-0.7827830389898472,0.5206706683136465
2015-11-16,46905.0,46399.0,46519.0,46847.0,3144900.0,46847.0,0.08938666666666666,0.7094180622138143,0.6175895826503855
2015-11-17,47698.0,46848.0,46848.0,47248.0,3341700.0,47248.0,-0.07880000000000001,0.8559779708412492,0.6271086931898462
2015-11-18,47951.0,47241.0,47241.0,47436.0,3965500.0,47436.0,-0.1176769230769231,0.39790044023027427,0.5973564185714597
2015-11-19,48227.0,47437.0,47437.0,48139.0,4069100.0,48139.0,0.08930312499999998,1.4819967956826041,0.6677688058308598
2015-11-23,48745.0,47988.0,48138.0,48150.0,3277600.0,48150.0,-0.063552,0.022850495440287503,0.5729968108471534
2015-11-24,48320.0,47442.0,48143.0,48284.0,3445700.0,48284.0,-0.06655333333333333,0.2782969885773624,0.5895881380925241
2015-11-25,48270.0,46742.0,48270.0,46867.0,3976000.0,46867.0,-0.10077878787878787,-2.9347195758429296,0.38090173723248855
2015-11-26,47199.0,46867.0,46867.0,47146.0,2288300.0,47146.0,-0.26480000000000004,0.5953015981394157,0.6101776836797195
2015-11-27,47144.0,45812.0,47144.0,45873.0,3031900.0,45873.0,-0.16499210526315788,-2.7001230221015566,0.3961388545871226
2015-11-30,45931.0,45106.0,45871.0,45120.0,7164800.0,45120.0,-0.1084136363636364,-1.6414884572624422,0.4648974908197262
2015-12-01,45482.0,44775.0,45121.0,45047.0,4176300.0,45047.0,0.26955588235294115,-0.16179078014184398,0.5610043039680631
2015-12-02,45338.0,44579.0,45046.0,44915.0,4179400.0,44915.0,-0.34022608695652173,-0.29302728261593447,0.5524804533082025
2015-12-03,47142.0,44923.0,44923.0,46393.0,4421500.0,46393.0,-0.2900258064516129,3.2906601358120895,0.7852420386173868
2015-12-04,46385.0,45023.0,46385.0,45361.0,3520900.0,45361.0,-0.14583000000000004,-2.2244735197120256,0.4270324341048016
2015-12-07,46157.0,45217.0,45361.0,45223.0,2853300.0,45223.0,0.11365555555555557,-0.3042260973082604,0.551753086895617
2015-12-08,45233.0,44232.0,45223.0,44443.0,3203200.0,44443.0,-0.1298391304347826,-1.7247860601906109,0.45948728623259727
2015-12-09,46438.0,44444.0,44444.0,46108.0,4446400.0,46108.0,-0.051170588235294134,3.746371757082105,0.8148406467061347
2015-12-10,46323.0,45351.0,46084.0,45631.0,3638300.0,45631.0,0.59882,-1.034527630779908,0.5043197806841191
2015-12-11,45981.0,45068.0,45630.0,45263.0,3281900.0,45263.0,0.18586086956521738,-0.8064692862308518,0.5191322393676701
2015-12-14,45258.0,44531.0,45258.0,44747.0,2481600.0,44747.0,-0.08873243243243246,-1.1400039767580585,0.4974690600056779
2015-12-15,45423.0,44748.0,44748.0,44872.0,2558500.0,44872.0,-0.19748260869565215,0.2793483362013096,0.5896564234397345
2015-12-16,45099.0,44095.0,44868.0,45016.0,3324300.0,45016.0,-0.520055,0.3209128186842574,0.5923560491898873
2015-12-17,46251.0,45016.0,45016.0,45261.0,3028800.0,45261.0,-0.22541785714285717,0.5442509330015994,0.6068619274875182
2015-12-18,45249.0,43690.0,45249.0,43911.0,4564700.0,43911.0,-0.3525659574468086,-2.982700338039372,0.3777853721679022
2015-12-21,44223.0,43196.0,43912.0,43200.0,3452900.0,43200.0,-0.05253043478260868,-1.6191842590694814,0.46634615526064477
2015-12-22,43632.0,43137.0,43208.0,43470.0,2577000.0,43470.0,0.06523823529411764,0.625,0.6121066038926467
2015-12-23,44233.0,43479.0,43479.0,44015.0,2501300.0,44015.0,0.0518333333333333,1.2537382102599495,0.6529433414418049
2015-12-28,44087.0,43709.0,44016.0,43764.0,1793200.0,43764.0,-0.025916129032258053,-0.5702601385891173,0.5344740951854797
2015-12-29,44042.0,43523.0,43781.0,43654.0,1675900.0,43654.0,0.2828117647058823,-0.2513481400237638,0.5551875262672433
2015-12-30,43662.0,43217.0,43653.0,43350.0,2679200.0,43350.0,-0.3303043478260869,-0.69638521097723,0.5262822334607844
2016-01-04,43349.0,42125.0,43349.0,42141.0,2976300.0,42141.0,-0.09783333333333333,-2.7889273356401385,0.390370987474817
2016-01-05,42534.0,42137.0,42139.0,42419.0,2557200.0,42419.0,0.16477,0.659690088037778,0.614359735637527
2016-01-06,42410.0,41590.0,42410.0,41773.0,3935900.0,41773.0,-0.05833636363636363,-1.5229024729484428,0.4725996864862456
2016-01-07,41772.0,40695.0,41772.0,40695.0,4032300.0,40695.0,0.10473076923076921,-2.580614272376894,0.4039009841470809
2016-01-08,41218.0,40463.0,40695.0,40612.0,3221600.0,40612.0,-0.18098965517241378,-0.2039562599827989,0.558265643257133
2016-01-11,40974.0,39924.0,40612.0,39950.0,3086400.0,39950.0,-0.2707516129032258,-1.6300600807643062,0.46563976734126034
2016-01-12,40261.0,39426.0,39955.0,39514.0,3383700.0,39514.0,0.10212400000000002,-1.0913642052565706,0.5006282279246057
2016-01-13,40050.0,38822.0,39518.0,38944.0,3569600.0,38944.0,0.05396000000000002,-1.4425266993976817,0.47782011736867275
2016-01-14,39502.0,38459.0,38944.0,39500.0,3868600.0,39500.0,-0.21532571428571431,1.4276910435497125,0.664241630750561
2016-01-15,39494.0,37986.0,39494.0,38569.0,4076400.0,38569.0,-0.009972727272727272,-2.356962025316456,0.4184272654617007
2016-01-18,38633.0,37937.0,38572.0,37937.0,2161200.0,37937.0,-0.1435764705882353,-1.638621690995359,0.4650836881587033
2016-01-19,38857.0,37941.0,37941.0,38057.0,3044900.0,38057.0,-0.381678125,0.3163138888156681,0.5920573472993612
2016-01-20,38056.0,37046.0,38056.0,37645.0,3958400.0,37645.0,-0.436469696969697,-1.08258664634627,0.5011983330394102
2016-01-21,38079.0,37495.0,37647.0,37717.0,3773600.0,37717.0,-0.2837838709677419,0.191260459556382,0.5839350891210771
2016-01-22,38444.0,37737.0,37737.0,38031.0,4197500.0,38031.0,-0.09850000000000002,0.8325158416629106,0.6255848207800493
2016-01-26,38031.0,37112.0,38031.0,37497.0,3607000.0,37497.0,-0.13695333333333334,-1.4041176934605981,0.4803147939596314
2016-01-27,38766.0,37402.0,37501.0,38376.0,4648600.0,38376.0,-0.2999192307692307,2.3441875350028,0.7237683559844545
2016-01-28,39100.0,37996.0,38376.0,38630.0,4464600.0,38630.0,-0.06421842105263156,0.661872003335418,0.6145014516982185
2016-01-29,40406.0,38635.0,38635.0,40406.0,5475700.0,40406.0,-0.5015466666666667,4.597463111571318,0.8701192884468104
2016-02-01,40570.0,39738.0,40397.0,40570.0,3661700.0,40570.0,0.059525000000000015,0.40588031480473197,0.5978747138465912
2016-02-02,40564.0,38596.0,40564.0,38596.0,4425300.0,38596.0,-0.024209090909090913,-4.86566428395366,0.25548629248887755
2016-02-03,39726.0,38597.0,38597.0,39589.0,4238100.0,39589.0,-0.11712142857142858,2.5728054720696445,0.7386171603718461
2016-02-04,41444.0,39589.0,39589.0,40822.0,5388500.0,40822.0,0.06710000000000002,3.1145015029427365,0.7738004819565788
2016-02-05,41249.0,40566.0,40812.0,40592.0,3669000.0,40592.0,-0.25633947368421056,-0.5634216843858704,0.5349182548611331
2016-02-10,40592.0,39960.0,40592.0,40377.0,3700000.0,40377.0,0.3214333333333333,-0.5296610169491525,0.5371110204559387
2016-02-11,40370.0,38928.0,40370.0,39318.0,3794000.0,39318.0,0.18417083333333337,-2.622780295712906,0.4011622881359821
2016-02-12,39901.0,39324.0,39324.0,39808.0,3327800.0,39808.0,0.24368076923076926,1.2462485375654915,0.6524568849275328
2016-02-15,40671.0,39808.0,39808.0,40093.0,1694300.0,40093.0,0.13715217391304346,0.7159364951768489,0.6180129568493755
2016-02-16,41206.0,40074.0,40093.0,40948.0,3921300.0,40948.0,-0.1380076923076923,2.132541840221485,0.7100219038837934
2016-02-17,42436.0,40958.0,40958.0,41631.0,5307100.0,41631.0,0.040207692307692305,1.667969131581518,0.6798477654814398
2016-02-18,41698.0,41183.0,41624.0,41478.0,3534900.0,41478.0,-0.19505925925925927,-0.3675145924911724,0.5476424799283752
2016-02-19,41828.0,41071.0,41477.0,41543.0,3298700.0,41543.0,0.025613043478260863,0.1567095809826896,0.5816909990731326
2016-02-22,43345.0,41544.0,41544.0,43235.0,4508500.0,43235.0,0.082548,4.072888332571071,0.8360479973667219
2016-02-23,43601.0,42359.0,43235.0,42521.0,3805300.0,42521.0,-0.07209999999999998,-1.651439805712964,0.4642511477180939
2016-02-24,42521.0,41211.0,42521.0,42085.0,3522700.0,42085.0,0.022839285714285708,-1.0253756967145646,0.504914201578849
2016-02-25,42327.0,41442.0,42084.0,41888.0,4046700.0,41888.0,-0.1038861111111111,-0.4681002732565047,0.5411094094395957
2016-02-26,42495.0,41417.0,41889.0,41593.0,3274600.0,41593.0,0.13199166666666667,-0.7042589763177999,0.5257708300125932
2016-02-29,43053.0,41599.0,41599.0,42794.0,4473500.0,42794.0,-0.15769333333333335,2.88750510903277,0.7590569972892892
2016-03-01,44181.0,42795.0,42795.0,44122.0,4610100.0,44122.0,0.09773076923076925,3.103238771790438,0.7730689641505225
2016-03-02,44983.0,43841.0,44122.0,44893.0,5009600.0,44893.0,-0.10558800000000002,1.747427587144735,0.6850086162822125
2016-03-03,47375.0,44900.0,44900.0,47193.0,9031000.0,47193.0,-0.014165217391304342,5.123293163744905,0.9042721099004246
2016-03-04,50024.0,47194.0,47194.0,49085.0,10284300.0,49085.0,0.11286666666666667,4.009069141609984,0.8319029215476461
2016-03-07,49639.0,48746.0,49089.0,49246.0,5720600.0,49246.0,-0.37122857142857146,0.32800244473871853,0.5928165225534959
2016-03-08,49914.0,48847.0,49244.0,49102.0,7150500.0,49102.0,-0.021390322580645157,-0.29240953579986195,0.5525205761513637
2016-03-09,50001.0,48623.0,49102.0,48665.0,6230600.0,48665.0,0.01865000000000004,-0.8899841147000123,0.5137079259157359
2016-03-10,49974.0,47922.0,48667.0,49571.0,7467200.0,49571.0,0.35274399999999995,1.8617075927257782,0.6924311373233625
2016-03-11,50038.0,49156.0,49574.0,49639.0,6002200.0,49639.0,0.05850434782608698,0.13717697847531823,0.5804223506130434
2016-03-14,50166.0,48757.0,49639.0,48867.0,4801100.0,48867.0,0.08243478260869565,-1.5552287515864542,0.47050008487918626
2016-03-15,48866.0,46684.0,48866.0,47130.0,5502200.0,47130.0,0.029075000000000007,-3.5545460126465716,0.340643822073626
2016-03-16,47814.0,46521.0,47130.0,47763.0,5111000.0,47763.0,-0.04162727272727272,1.3430935709739018,0.6587469992353678
2016-03-17,51268.0,47770.0,47770.0,50914.0,7245100.0,50914.0,-0.06847083333333331,6.597156795008689,1.0
2016-03-18,51308.0,50202.0,50915.0,50815.0,5448400.0,50815.0,0.13296999999999998,-0.19444553560906627,0.5588833676912691
2016-03-21,51370.0,50765.0,50816.0,51172.0,3708500.0,51172.0,-0.18025172413793106,0.702548460100364,0.6171433999085125
2016-03-22,51215.0,50812.0,51170.0,51010.0,3896600.0,51010.0,0.12503199999999998,-0.316579379348081,0.5509507374784848
2016-03-23,51005.0,49491.0,51005.0,49690.0,3638700.0,49690.0,-0.282376,-2.587727896490884,0.4034389521022236
2016-03-24,49686.0,48778.0,49686.0,49657.0,3688400.0,49657.0,0.01789473684210527,-0.06641175286778024,0.5671992007326077
2016-03-28,51149.0,49687.0,49687.0,50838.0,3515800.0,50838.0,0.1373,2.378315242563989,0.725984960946724
2016-03-29,51765.0,50387.0,50839.0,51155.0,4320900.0,51155.0,-0.12394000000000001,0.6235493135056454,0.6120123813646225
2016-03-30,52262.0,50900.0,51155.0,51249.0,4730600.0,51249.0,0.1948566666666667,0.18375525364089532,0.5834476237193855
2016-03-31,51248.0,49642.0,51248.0,50055.0,4251900.0,50055.0,-0.1799777777777778,-2.3298015571035533,0.42019134611406633
2016-04-01,50768.0,49361.0,50054.0,50562.0,3890600.0,50562.0,-0.20163125,1.0128858255918491,0.6372999059701264
2016-04-04,50556.0,48600.0,50556.0,48780.0,3556500.0,48780.0,0.009871428571428557,-3.52438590245639,0.34260273038266753
2016-04-05,49629.0,48149.0,48778.0,49054.0,3546100.0,49054.0,0.2443307692307692,0.5617056170561706,0.6079956145135467
2016-04-06,49054.0,47874.0,49054.0,48096.0,3810000.0,48096.0,-0.30440000000000006,-1.952949810413014,0.4446679814185767
2016-04-07,48940.0,48099.0,48099.0,48513.0,3059900.0,48513.0,0.14239285714285715,0.8670159680638723,0.6278256144589739
2016-04-08,50486.0,48517.0,48517.0,50293.0,5047700.0,50293.0,-0.09589310344827585,3.669119617422134,0.8098230967927919
2016-04-11,51089.0,50078.0,50303.0,50165.0,4050700.0,50165.0,0.05671599999999998,-0.25450857972282426,0.554982254749743
2016-04-12,52327.0,50166.0,50166.0,52002.0,5146900.0,52002.0,-0.18295555555555554,3.661915678261736,0.8093551987582639
2016-04-13,53844.0,52010.0,52010.0,53150.0,6376500.0,53150.0,0.06896666666666668,2.2076073997153953,0.7148974347518252
2016-04-14,53699.0,52242.0,53150.0,52411.0,5492100.0,52411.0,0.011369230769230772,-1.3904045155221072,0.48120546902804745
2016-04-15,53390.0,52414.0,52414.0,53228.0,5047800.0,53228.0,0.11361111111111111,1.5588330693938295,0.6727593451246356
2016-04-18,53479.0,52305.0,53229.0,52894.0,4385600.0,52894.0,-0.08554761904761912,-0.6274892913504171,0.5307570443472499
2016-04-19,54054.0,52894.0,52894.0,53710.0,5033900.0,53710.0,-0.2059772727272727,1.5427080576246832,0.6717120207170393
2016-04-20,53857.0,53149.0,53711.0,53631.0,4554100.0,53631.0,0.10489655172413791,-0.14708620368646433,0.5619593706709943
2016-04-22,53630.0,52629.0,53630.0,52908.0,4259400.0,52908.0,0.13659583333333336,-1.3481009117860938,0.4839531009278757
2016-04-25,52949.0,51748.0,52911.0,51862.0,3693200.0,51862.0,-0.16165483870967742,-1.97701670824828,0.4431048291009932
2016-04-26,53108.0,51838.0,51867.0,53083.0,3749400.0,53083.0,-0.3619315789473683,2.3543249392618875,0.7244267834673125
2016-04-27,54560.0,53094.0,53094.0,54478.0,4897900.0,54478.0,-0.2799266666666667,2.6279599871898722,0.7421994628657324
2016-04-28,54978.0,53963.0,54475.0,54312.0,4413500.0,54312.0,0.02495434782608695,-0.3047101582290099,0.5517216469919244
2016-04-29,54705.0,53592.0,54317.0,53911.0,4898400.0,53911.0,0.22677142857142857,-0.7383267049639123,0.5235581206990587
2016-05-02,54113.0,53265.0,53910.0,53562.0,3286100.0,53562.0,-0.32405555555555554,-0.6473632468327429,0.5294662249078526
2016-05-03,53557.0,52260.0,53557.0,52260.0,3892400.0,52260.0,-0.009071428571428588,-2.430827825697323,0.413629659312132
2016-05-04,52672.0,51931.0,52253.0,52553.0,4263800.0,52553.0,0.10922000000000001,0.5606582472254114,0.6079275875252108
2016-05-05,53071.0,51311.0,52569.0,51671.0,3653100.0,51671.0,-0.03824444444444442,-1.6783057104256656,0.4625061990544526
2016-05-06,52159.0,51204.0,51671.0,51718.0,3296100.0,51718.0,-0.1591857142857143,0.09096011302277873,0.5774205511772341
2016-05-09,51717.0,49908.0,51717.0,50990.0,4938400.0,50990.0,-0.06901935483870965,-1.4076337058664294,0.4800864278869266
2016-05-10,53071.0,50994.0,50994.0,53071.0,4079200.0,53071.0,0.04578285714285714,4.081192390664836,0.836587348459807
2016-05-11,53976.0,52736.0,53072.0,52764.0,4350000.0,52764.0,-0.5112999999999999,-0.578470351039174,0.5339408393954314
2016-05-12,53703.0,52424.0,52765.0,53241.0,4630400.0,53241.0,-0.0607848484848485,0.9040254719126678,0.6302293929646146
2016-05-13,53250.0,51366.0,53236.0,51804.0,4314300.0,51804.0,0.10922380952380951,-2.699047726376289,0.3962086953707809
2016-05-16,52305.0,51585.0,51803.0,51803.0,3529500.0,51803.0,0.06222666666666668,-0.0019303528685043624,0.5713872872296636
2016-05-17,51946.0,50689.0,51795.0,50839.0,3871100.0,50839.0,-0.10431,-1.8608960870992026,0.450646898681828
2016-05-18,51373.0,50301.0,50836.0,50562.0,4072500.0,50562.0,-0.14282666666666666,-0.5448572945966679,0.5361240176113699
2016-05-19,50556.0,49588.0,50556.0,50133.0,3905500.0,50133.0,-0.2387740740740741,-0.8484632728135754,0.5164047171959024
2016-05-20,50822.0,49723.0,50133.0,49723.0,3254500.0,49723.0,-0.27635714285714286,-0.8178245865996449,0.518394709162912
2016-05-23,49709.0,48695.0,49709.0,49330.0,3412800.0,49330.0,0.03957500000000003,-0.790378697986847,0.5201773279568626
2016-05-24,50002.0,49153.0,49330.0,49345.0,3138900.0,49345.0,-0.09584166666666667,0.03040745996351105,0.5734876379861236
2016-05-25,50357.0,49347.0,49347.0,49483.0,3472600.0,49483.0,0.023402702702702744,0.2796635930692066,0.5896768994689702
2016-05-27,49805.0,48869.0,49481.0,49051.0,2711800.0,49051.0,-0.08120454545454542,-0.8730271002162359,0.5148092891521215
2016-05-30,49203.0,48799.0,49051.0,48964.0,1169200.0,48964.0,-0.2538034482758621,-0.17736641454812338,0.5599926617868954
2016-05-31,49269.0,48292.0,48963.0,48472.0,5802800.0,48472.0,-0.2522090909090909,-1.004819867657871,0.5062493089138184
2016-06-01,49057.0,48200.0,48468.0,49013.0,3290000.0,49013.0,-0.1096114285714286,1.1161082686912032,0.6440042349726351
2016-06-02,49906.0,48781.0,49008.0,49887.0,3525800.0,49887.0,-0.08942222222222222,1.7832003754106054,0.6873320697354566
2016-06-03,50634.0,49888.0,49888.0,50619.0,3329400.0,50619.0,-0.05884000000000004,1.4673161344638883,0.666815292429807
2016-06-06,50924.0,50097.0,50627.0,50432.0,3111900.0,50432.0,0.012134615384615384,-0.369426499930856,0.5475183009599928
2016-06-07,50641.0,50005.0,50432.0,50488.0,2958800.0,50488.0,-0.49188888888888904,0.11104060913705585,0.578724785493352
2016-06-08,51812.0,50490.0,50490.0,51629.0,4206400.0,51629.0,-0.20465999999999998,2.2599429567421963,0.7182966450621209
2016-06-09,51633.0,50832.0,51633.0,51118.0,3213200.0,51118.0,0.14203448275862068,-0.989753820527223,0.5072278532467979
2016-06-10,51117.0,49421.0,51117.0,49422.0,2977400.0,49422.0,-0.02134516129032258,-3.317813685981455,0.3560196585277648
2016-06-13,49764.0,48804.0,49419.0,49661.0,2630500.0,49661.0,0.01867083333333332,0.483590303913237,0.6029220012205524
2016-06-14,49894.0,48216.0,49662.0,48648.0,3885000.0,48648.0,-0.35361111111111115,-2.039830047723566,0.4390250836411493
2016-06-15,49415.0,48324.0,48649.0,48915.0,5009800.0,48915.0,-0.3751347826086956,0.5488406512086829,0.6071600310778341
2016-06-16,49412.0,48067.0,48901.0,49412.0,3887200.0,49412.0,-0.5350227272727271,1.0160482469590104,0.6375053061975712
2016-06-17,50191.0,49405.0,49409.0,49534.0,4248900.0,49534.0,-0.11998181818181818,0.2469035861733992,0.5875491270799506
2016-06-20,50782.0,49539.0,49539.0,50329.0,3487000.0,50329.0,-0.19119655172413796,1.6049582105220654,0.6757551870377474
2016-06-21,50870.0,49678.0,50326.0,50838.0,3349200.0,50838.0,-0.09925937500000002,1.0113453476127083,0.6371998514579179
2016-06-22,51239.0,50060.0,50835.0,50156.0,3632900.0,50156.0,-0.0046666666666666705,-1.341516188677761,0.4843807806919188
2016-06-23,51673.0,50161.0,50161.0,51560.0,3166800.0,51560.0,-0.21388888888888888,2.7992662891777655,0.7533258591633331
2016-06-24,51561.0,49544.0,51561.0,50105.0,4139100.0,50105.0,-0.22796333333333335,-2.821955003878976,0.3882258304003449
2016-06-27,50162.0,48954.0,50106.0,49246.0,3228500.0,49246.0,0.22341333333333332,-1.7143997605029437,0.4601618795490697
2016-06-28,50301.0,49252.0,49252.0,50007.0,3406400.0,50007.0,-0.03907666666666665,1.5453031718312147,0.6718805741722498
2016-06-29,51229.0,50009.0,50009.0,51002.0,3970100.0,51002.0,-0.034737500000000004,1.98972143899854,0.7007456754850206
2016-06-30,51619.0,50585.0,51001.0,51527.0,4377800.0,51527.0,0.12895434782608695,1.0293713972001097,0.6383706488486864
2016-07-01,52346.0,51411.0,51540.0,52233.0,4116100.0,52233.0,-0.31627666666666665,1.3701554524812234,0.6605046766512894
2016-07-04,52918.0,52241.0,52241.0,52569.0,2081800.0,52569.0,-0.02629999999999997,0.6432714950318764,0.6132933430395152
2016-07-05,52565.0,51510.0,52565.0,51842.0,3121400.0,51842.0,-0.30323999999999995,-1.3829443207974281,0.48169001093923713
2016-07-06,51909.0,50825.0,51842.0,51902.0,3277000.0,51902.0,-0.020146875000000012,0.11573627560665098,0.5790297704554683
2016-07-07,52719.0,51888.0,51902.0,52015.0,3712200.0,52015.0,0.06422413793103451,0.21771800701321722,0.5856535148570323
2016-07-08,53166.0,52020.0,52020.0,53141.0,2995500.0,53141.0,-0.4702777777777778,2.1647601653369217,0.7121144938768027
2016-07-11,54021.0,53143.0,53143.0,53960.0,3206300.0,53960.0,0.05480666666666668,1.5411828907999474,0.6716129606689555
2016-07-12,54746.0,53961.0,53961.0,54256.0,3878700.0,54256.0,-0.07485714285714286,0.5485544848035582,0.6071414444829831
2016-07-13,54647.0,53733.0,54256.0,54598.0,4037100.0,54598.0,-0.12075416666666668,0.6303450309643174,0.6124537652757471
2016-07-14,55634.0,54601.0,54601.0,55481.0,4408500.0,55481.0,-0.2519758620689655,1.6172753580717243,0.6765551895087786
2016-07-15,55649.0,55233.0,55482.0,55578.0,3684500.0,55578.0,0.321608695652174,0.1748346280708711,0.582868226381618
2016-07-18,56509.0,55355.0,55573.0,56484.0,3984500.0,56484.0,-0.10611199999999998,1.6301414228651625,0.6773908443213641
2016-07-19,56698.0,56246.0,56487.0,56698.0,3794000.0,56698.0,-0.14087666666666665,0.37886835209970965,0.596120278672027
2016-07-20,56927.0,56221.0,56699.0,56578.0,3865800.0,56578.0,-0.3165192307692307,-0.2116476771667431,0.5577660833770489
2016-07-21,56906.0,56233.0,56578.0,56641.0,3486900.0,56641.0,-0.13600952380952377,0.11135070168616777,0.5787449260985155
2016-07-22,57171.0,56518.0,56641.0,57002.0,2912000.0,57002.0,0.25418125,0.6373475044579014,0.6129085780540802
2016-07-25,57205.0,56398.0,57006.0,56873.0,3126900.0,56873.0,0.1092318181818182,-0.22630784884740887,0.5568139007777101
2016-07-26,57309.0,56708.0,56876.0,56783.0,3351800.0,56783.0,-0.042451851851851824,-0.1582473229827862,0.5612344525858182
2016-07-27,57380.0,56788.0,56788.0,56853.0,3795700.0,56853.0,0.12041764705882355,0.12327633270521107,0.5795194994520761
2016-07-28,56853.0,55993.0,56853.0,56667.0,3912600.0,56667.0,0.06754117647058828,-0.327159516648198,0.5502635543502631
2016-07-29,57474.0,56340.0,56664.0,57308.0,4416500.0,57308.0,-0.2638625,1.1311698166481374,0.6449824870829166
2016-08-01,57729.0,56676.0,57309.0,56756.0,4088000.0,56756.0,-0.34853000000000006,-0.9632163048789,0.5089514729410569
2016-08-02,56974.0,55696.0,56756.0,56162.0,3857700.0,56162.0,0.1946583333333333,-1.0465853830432024,0.5035366260156516
2016-08-03,57101.0,55788.0,56157.0,57077.0,4058600.0,57077.0,0.07762142857142858,1.6292154837790678,0.6773307042967428
2016-08-04,58030.0,57076.0,57076.0,57594.0,4192000.0,57594.0,0.171875,0.9057939275014455,0.6303442546917496
2016-08-05,57951.0,57290.0,57609.0,57661.0,3354600.0,57661.0,0.6935,0.11633156231551899,0.5790684345078512
2016-08-08,57917.0,57504.0,57655.0,57635.0,3153800.0,57635.0,0.13258928571428574,-0.045091136123202855,0.5685839812599826
2016-08-09,58095.0,57615.0,57637.0,57689.0,3049900.0,57689.0,0.17239310344827583,0.09369306844799168,0.5775980574614263
2016-08-10,57953.0,56735.0,57690.0,56920.0,3510600.0,56920.0,-0.63139,-1.3330097592261956,0.4849332758661033
2016-08-11,58308.0,56923.0,56925.0,58300.0,3905700.0,58300.0,-0.3685954545454546,2.4244553759662684,0.7289817766125843
2016-08-12,58753.0,57987.0,58300.0,58298.0,3811800.0,58298.0,-0.025774074074074074,-0.003430531732418525,0.5712898501572179
2016-08-15,59324.0,58316.0,58316.0,59146.0,3487200.0,59146.0,0.03639999999999999,1.4545953549006827,0.6659890739370125
2016-08-16,59187.0,58589.0,59144.0,58855.0,3874400.0,58855.0,0.09485925925925924,-0.4920028404287695,0.5395569304484409
2016-08-17,59324.0,58081.0,58847.0,59324.0,4179800.0,59324.0,-0.221768,0.796873672585167,0.6232698510827109
2016-08-18,59418.0,58829.0,59324.0,59166.0,3608700.0,59166.0,-0.0907888888888889,-0.2663340300721462,0.5542141881610809
2016-08-19,59240.0,58599.0,59158.0,59099.0,2661700.0,59099.0,0.13992777777777776,-0.11324071257140926,0.564157645589448
2016-08-22,59099.0,57631.0,59080.0,57781.0,3133500.0,57781.0,0.38168846153846153,-2.2301561786155433,0.42666334368459574
2016-08-23,58596.0,57781.0,57781.0,58020.0,3635900.0,58020.0,-0.07749230769230765,0.4136307782835188,0.5983781088014433
2016-08-24,58332.0,57456.0,58019.0,57718.0,3221400.0,57718.0,-0.0435107142857143,-0.5205101689072734,0.537705370813115
2016-08-25,58124.0,57639.0,57718.0,57722.0,2974200.0,57722.0,-0.13027,0.0069302470633078065,0.5719627858840143
2016-08-26,58655.0,57259.0,57725.0,57716.0,3611600.0,57716.0,0.12299411764705882,-0.010394650220020096,0.5708375285481624
2016-08-29,58957.0,57642.0,57717.0,58610.0,2759700.0,58610.0,0.3045684210526316,1.548963892161619,0.6721183390685677
2016-08-30,58882.0,58293.0,58610.0,58575.0,2729400.0,58575.0,0.05619999999999999,-0.05971677188193141,0.5676340417792537
2016-08-31,58910.0,57506.0,58580.0,57901.0,4077700.0,57901.0,-0.20991428571428572,-1.1506615450277422,0.49677684771248615
2016-09-01,58417.0,57638.0,57901.0,58236.0,3687600.0,58236.0,0.13003749999999997,0.5785737724737051,0.6090912063266153
2016-09-02,59655.0,58241.0,58241.0,59616.0,3771500.0,59616.0,0.08097777777777776,2.3696682464454977,0.7254233359248673
2016-09-05,59986.0,59402.0,59616.0,59566.0,1824900.0,59566.0,-0.16201199999999996,-0.08387010198604401,0.5660652756595804
2016-09-06,60129.0,59182.0,59566.0,60129.0,3150500.0,60129.0,-0.25090500000000004,0.9451700634590202,0.6329017466710181
2016-09-08,60310.0,59743.0,60129.0,60232.0,3843900.0,60232.0,0.21133809523809527,0.1712983751600725,0.5826385456819735
2016-09-09,60220.0,57961.0,60220.0,58000.0,3992900.0,58000.0,-0.1892857142857143,-3.7056714039049012,0.33082818205187725
2016-09-12,58595.0,57511.0,57998.0,58586.0,3529200.0,58586.0,0.11571600000000001,1.0103448275862068,0.6371348673785854
2016-09-13,58580.0,56459.0,58580.0,56821.0,4377800.0,56821.0,0.06154074074074072,-3.012665141842761,0.3758391490679492
2016-09-14,57342.0,56694.0,56812.0,57059.0,3329100.0,57059.0,-0.030433333333333357,0.41885922458246067,0.5987176979751496
2016-09-15,58127.0,57068.0,57068.0,57909.0,2812000.0,57909.0,-0.10468275862068965,1.4896861143728422,0.668268229413141
2016-09-16,57909.0,56794.0,57909.0,57080.0,3710700.0,57080.0,-0.30813124999999997,-1.4315564074668876,0.4785326411585507
2016-09-19,58025.0,57083.0,57083.0,57350.0,2691100.0,57350.0,0.03844444444444445,0.47302032235459,0.6022354777108209
2016-09-20,57902.0,57356.0,57356.0,57736.0,3001000.0,57736.0,0.13762173913043477,0.6730601569311246,0.6152281256693434
2016-09-21,58575.0,57326.0,57736.0,58394.0,3889700.0,58394.0,0.054130434782608684,1.139670223084384,0.6455345910604284
2016-09-22,59462.0,58408.0,58408.0,58994.0,3365300.0,58994.0,0.13730434782608697,1.0275028256327705,0.6382492845583633
2016-09-23,59131.0,58409.0,58992.0,58697.0,2809900.0,58697.0,0.16307200000000005,-0.5034410279011424,0.5388140167011528
2016-09-26,58697.0,57904.0,58697.0,58054.0,2108800.0,58054.0,0.19664814814814818,-1.0954563265584272,0.5003624434042818
2016-09-27,58490.0,57411.0,58066.0,58382.0,2953400.0,58382.0,-0.046925,0.5649912150756192,0.6082090151019358
2016-09-28,59415.0,58353.0,58383.0,59356.0,3233400.0,59356.0,0.07299705882352941,1.6683224281456615,0.6798707122004899
2016-09-29,59621.0,58292.0,59346.0,58351.0,3200300.0,58351.0,-0.09081290322580644,-1.6931733944335872,0.46154053846648824
2016-09-30,58900.0,58271.0,58350.0,58367.0,2858200.0,58367.0,-0.14504333333333333,0.027420267004849962,0.5732936188969845
2016-10-03,59549.0,58367.0,58370.0,59461.0,2774100.0,59461.0,-0.12495714285714285,1.8743468055579353,0.6932520580322238
2016-10-04,59580.0,58892.0,59461.0,59339.0,3894600.0,59339.0,-0.23288999999999999,-0.20517650224516912,0.5581863881519054
2016-10-05,60477.0,59340.0,59340.0,60254.0,3378900.0,60254.0,-0.06428333333333335,1.5419875629855575,0.6716652243715915
2016-10-06,60724.0,60070.0,60254.0,60644.0,3507200.0,60644.0,0.2002909090909091,0.6472599329505095,0.6135523932926356
2016-10-07,61275.0,60479.0,60645.0,61109.0,4243800.0,61109.0,0.21302222222222214,0.7667700019787613,0.6213146085417625
2016-10-10,61756.0,61130.0,61130.0,61668.0,2936900.0,61668.0,0.02941052631578947,0.9147588734883569,0.6309265306540431
2016-10-11,61668.0,60885.0,61668.0,61022.0,3568000.0,61022.0,0.1739777777777777,-1.04754491794772,0.5034743039324291
2016-10-13,61329.0,60243.0,61020.0,61119.0,4952700.0,61119.0,-0.042819230769230776,0.1589590639441513,0.5818371036740929
2016-10-14,62039.0,61120.0,61120.0,61767.0,3691200.0,61767.0,-0.06823333333333334,1.060226770725961,0.6403747147223597
2016-10-17,62696.0,61719.0,61768.0,62696.0,3340700.0,62696.0,0.10681250000000006,1.5040393737756408,0.6692004779668986
2016-10-18,63937.0,62701.0,62701.0,63782.0,4390300.0,63782.0,-0.0447318181818182,1.7321679213984944,0.6840174963613962
2016-10-19,64089.0,63309.0,63784.0,63506.0,3614000.0,63506.0,-0.08954374999999999,-0.4327239660092189,0.5434071113303692
2016-10-20,63927.0,62729.0,63495.0,63838.0,3421500.0,63838.0,0.13903125000000005,0.522785248637924,0.6054677247742617
2016-10-21,64372.0,63379.0,63838.0,64108.0,3662900.0,64108.0,0.25172222222222224,0.4229455810019111,0.5989831080646119
2016-10-24,64691.0,63914.0,64141.0,64060.0,3663900.0,64060.0,0.15825714285714287,-0.07487365071441943,0.5666495978996765
2016-10-25,64266.0,63248.0,64059.0,63866.0,3918100.0,63866.0,0.11966944444444444,-0.30284108648142366,0.5518430437691064
2016-10-26,63924.0,63084.0,63860.0,63826.0,4299200.0,63826.0,-0.03160000000000001,-0.06263113393667992,0.5674447530794245
2016-10-27,64609.0,63827.0,63827.0,64250.0,3587500.0,64250.0,0.03431428571428569,0.6643060821608749,0.6146595458565615
2016-10-28,64728.0,63778.0,64251.0,64308.0,3788500.0,64308.0,0.1489590909090909,0.09027237354085603,0.5773758822891862
2016-10-31,65054.0,64312.0,64312.0,64925.0,3816900.0,64925.0,0.10105769230769236,0.9594451701188034,0.6338289191804012
2016-11-01,65291.0,63019.0,64922.0,63326.0,4505600.0,63326.0,0.05280571428571429,-2.462841740469773,0.41155034583292865
2016-11-03,63524.0,61750.0,63325.0,61750.0,4124000.0,61750.0,0.004419047619047603,-2.4887092189621955,0.40987024525527044
2016-11-04,62699.0,61491.0,61749.0,61598.0,3972500.0,61598.0,-0.09326470588235293,-0.24615384615384617,0.5555248972303207
2016-11-07,64193.0,61601.0,61601.0,64052.0,3325900.0,64052.0,-0.1456413793103448,3.983895581025358,0.830267891148671
2016-11-08,64767.0,63381.0,64052.0,64158.0,3265100.0,64158.0,-0.11859599999999998,0.1654905389371136,0.5822613249568844
2016-11-09,64358.0,61794.0,64157.0,63258.0,5630100.0,63258.0,-0.003777777777777781,-1.4027868699148975,0.4804012313527677
2016-11-10,63903.0,60553.0,63261.0,61201.0,7623700.0,61201.0,-0.038558620689655175,-3.251762622909355,0.36030969511772015
2016-11-11,61626.0,58921.0,61199.0,59184.0,7572800.0,59184.0,0.1831384615384615,-3.2956977827159686,0.3574560931560051
2016-11-14,59961.0,58322.0,59183.0,59657.0,5408500.0,59657.0,-0.13023809523809524,0.7992024871586916,0.6234211082959481
2016-11-16,60915.0,59364.0,59658.0,60759.0,4582900.0,60759.0,0.09791538461538461,1.8472266456576762,0.691490595416996
2016-11-17,61493.0,59746.0,60763.0,59770.0,3531300.0,59770.0,0.0240952380952381,-1.627742392073602,0.4657903019250322
2016-11-18,60193.0,59327.0,59770.0,59962.0,3462400.0,59962.0,-0.006609999999999986,0.3212313869834365,0.5923767402975896
2016-11-21,61070.0,59963.0,59963.0,61070.0,3520100.0,61070.0,0.183125,1.84783696341016,0.6915302357402229
2016-11-22,62550.0,61072.0,61072.0,61954.0,3987100.0,61954.0,0.19423750000000004,1.4475192402161454,0.6655294781409804
2016-11-23,62046.0,61234.0,61956.0,61986.0,3489700.0,61986.0,0.07390000000000001,0.051651225102495396,0.5748674269783942
2016-11-24,62105.0,61392.0,61999.0,61396.0,1647100.0,61396.0,0.17290624999999996,-0.9518278320911174,0.5096911577044947
2016-11-25,61559.0,60573.0,61394.0,61559.0,2653700.0,61559.0,-0.01564146341463415,0.2654896084435468,0.5887562948663891
2016-11-28,62934.0,61240.0,61559.0,62855.0,2752000.0,62855.0,0.08692903225806453,2.1052973570070987,0.7082523664315867
2016-11-29,62859.0,60980.0,62859.0,60987.0,3423900.0,60987.0,0.027465517241379314,-2.9719194972555885,0.37848559104829216
2016-11-30,62590.0,60994.0,60994.0,61906.0,4587300.0,61906.0,-0.015969444444444453,1.5068785150933806,0.6693848810570331
2016-12-01,61911.0,59058.0,61906.0,59507.0,5352800.0,59507.0,-0.10406875000000002,-3.8752301877039383,0.31981528759093314
2016-12-02,60379.0,58092.0,59499.0,60316.0,4344200.0,60316.0,-0.05210476190476192,1.3595039239081115,0.6598128566382229
2016-12-05,60720.0,59635.0,60322.0,59832.0,2861200.0,59832.0,-0.2815761904761905,-0.8024404801379402,0.5193939115459597
2016-12-06,61235.0,59396.0,59828.0,61088.0,3606500.0,61088.0,0.31206249999999996,2.0992111244818825,0.7078570637821858
2016-12-07,61918.0,61062.0,61111.0,61414.0,3841700.0,61414.0,0.1751727272727273,0.53365636458879,0.606173807054148
2016-12-08,61936.0,60499.0,61430.0,60677.0,2936600.0,60677.0,-0.18867999999999996,-1.2000521053831374,0.4935689158296677
2016-12-09,61129.0,60316.0,60688.0,60501.0,3339800.0,60501.0,-0.1047,-0.2900604842032401,0.5526731477653922
2016-12-12,60517.0,59035.0,60517.0,59179.0,3244400.0,59179.0,-0.22234444444444446,-2.1850878497876067,0.42959054531810975
2016-12-13,59946.0,58758.0,59178.0,59281.0,3589100.0,59281.0,-0.043723529411764696,0.17235843795941128,0.5827073970824702
2016-12-14,59338.0,58212.0,59280.0,58212.0,3857000.0,58212.0,-0.18159310344827587,-1.803275923145696,0.4543893458156454
2016-12-15,58635.0,57575.0,58214.0,58396.0,3569400.0,58396.0,0.08997647058823537,0.31608603037174465,0.592042547824284
2016-12-16,59312.0,58365.0,58398.0,58389.0,3683900.0,58389.0,0.24341923076923078,-0.011987122405644222,0.5707340969964649
2016-12-19,58600.0,57109.0,58390.0,57111.0,3396500.0,57111.0,-0.027295652173912992,-2.1887684324102143,0.4293514903598859
2016-12-20,57918.0,57038.0,57116.0,57583.0,2673400.0,57583.0,-0.2049466666666667,0.8264607518691671,0.6251915408605078
2016-12-21,58049.0,57221.0,57583.0,57647.0,2461900.0,57647.0,0.11207812499999999,0.11114391400239654,0.578731495175704
2016-12-22,57646.0,56829.0,57646.0,57255.0,2809800.0,57255.0,-0.030106451612903276,-0.680000693878259,0.5273464128183006
2016-12-23,58143.0,57255.0,57255.0,57937.0,2155400.0,57937.0,0.030377777777777767,1.191162343900096,0.6488790199328702
2016-12-26,58781.0,57941.0,57941.0,58620.0,680200.0,58620.0,-0.012473684210526326,1.1788667000362463,0.6480804141327579
2016-12-27,59068.0,58402.0,58627.0,58697.0,1624700.0,58697.0,-0.12249130434782608,0.13135448652337087,0.5800441779939092
2016-12-28,59911.0,58688.0,58688.0,59782.0,1960500.0,59782.0,0.45194545454545454,1.8484760720309383,0.6915717460390821
2016-12-29,60248.0,59278.0,59782.0,60227.0,2119500.0,60227.0,0.014580769230769265,0.7443712154160115,0.6198598005575229
2017-01-02,60227.0,59371.0,60227.0,59589.0,808700.0,59589.0,-0.21542105263157899,-1.0593255516628755,0.5027091481977559
2017-01-03,61815.0,59631.0,59631.0,61814.0,3328300.0,61814.0,0.37404615384615386,3.7339106210877846,0.8140312921419289
2017-01-04,61940.0,61302.0,61811.0,61589.0,2840800.0,61589.0,-0.34706000000000004,-0.36399521144077396,0.5478710647955669
2017-01-05,62409.0,61594.0,61594.0,62071.0,3313000.0,62071.0,0.1298826086956521,0.7826072837682054,0.6223432447998645
2017-01-06,62072.0,61396.0,62072.0,61665.0,2374800.0,61665.0,-0.05568888888888887,-0.6540896715052117,0.5290293415842191
2017-01-09,62112.0,61307.0,61680.0,61700.0,2480800.0,61700.0,0.3818035714285714,0.05675829076461526,0.5751991324429055
2017-01-10,62446.0,61710.0,61710.0,62132.0,2623400.0,62132.0,0.15037142857142854,0.7001620745542949,0.6169884034431384
2017-01-13,64092.0,63366.0,63940.0,63652.0,2735500.0,63652.0,0.12218000000000002,2.4464044292795983,0.7304073742858009
2017-01-16,64014.0,63556.0,63652.0,63831.0,1763700.0,63831.0,0.2945678571428571,0.28121661534594355,0.5897777687371142
2017-01-17,64658.0,63456.0,63827.0,64354.0,2933800.0,64354.0,0.06229565217391301,0.8193510989957858,0.624729766748933
2017-01-18,64680.0,64063.0,64360.0,64150.0,3008900.0,64150.0,0.4776875,-0.31699661248718025,0.5509236380594894
2017-01-19,64456.0,63574.0,64145.0,63951.0,2867100.0,63951.0,0.1483076923076923,-0.3102104442712393,0.5513644017444008
2017-01-20,64694.0,63951.0,63951.0,64521.0,3416700.0,64521.0,0.16789411764705886,0.8913074072336633,0.6294033508043726
2017-01-23,65816.0,64500.0,64519.0,65749.0,2957000.0,65749.0,0.05128421052631577,1.903256304149037,0.6951297387384027
2017-01-24,66173.0,65615.0,65752.0,65840.0,3850500.0,65840.0,-0.5088937500000001,0.13840514684633987,0.5805021205214331
2017-01-26,66594.0,65842.0,65842.0,66191.0,3494100.0,66191.0,-0.044266666666666676,0.5331105710814095,0.6061383576002207
2017-01-27,66242.0,65876.0,66195.0,66034.0,2583400.0,66034.0,0.09277499999999998,-0.23719236754241513,0.5561069479855248
2017-01-30,66025.0,64165.0,66025.0,64302.0,2264300.0,64302.0,-0.10674347826086959,-2.6228912378471696,0.40115508241069586
2017-01-31,64901.0,64284.0,64310.0,64671.0,2737700.0,64671.0,0.024223809523809415,0.5738546234953812,0.6087846961684311
2017-02-01,65594.0,64687.0,64687.0,64836.0,3214300.0,64836.0,-0.012085000000000023,0.2551375423296377,0.5880839250309207
2017-02-02,65132.0,64163.0,64835.0,64578.0,2959200.0,64578.0,-0.15396,-0.3979270775495095,0.545667179795063
2017-02-03,65387.0,64264.0,64579.0,64954.0,3482700.0,64954.0,0.2304823529411765,0.5822416302765648,0.6093294348039351
2017-02-06,65327.0,63933.0,64957.0,63993.0,2551400.0,63993.0,-0.0990375,-1.4795085752994426,0.47541813330657584
2017-02-07,64815.0,63938.0,64022.0,64199.0,2776200.0,64199.0,-0.05722000000000001,0.3219102089291016,0.5924208299889514
2017-02-08,64835.0,63740.0,64200.0,64835.0,3138600.0,64835.0,0.30888235294117644,0.9906696365987009,0.6358569577534424
2017-02-09,65302.0,64587.0,64850.0,64965.0,2641700.0,64965.0,0.16866666666666663,0.20050898434487546,0.5845357836125863
2017-02-10,66292.0,64935.0,64965.0,66125.0,3439000.0,66125.0,0.20932105263157896,1.7855768490725776,0.6874864224209509
2017-02-13,67094.0,66125.0,66125.0,66968.0,3108800.0,66968.0,-0.13488823529411756,1.2748582230623817,0.6543150926822633
2017-02-14,67110.0,66251.0,66971.0,66713.0,3370900.0,66713.0,0.02416315789473682,-0.380778879464819,0.5467809604643433
2017-02-15,68016.0,66712.0,66712.0,67976.0,4119600.0,67976.0,-0.30331199999999997,1.893184236955316,0.694475554917767
2017-02-16,68456.0,67661.0,67979.0,67814.0,3550800.0,67814.0,-0.22549047619047619,-0.23831940684947628,0.5560337464405273
2017-02-17,67819.0,67158.0,67814.0,67748.0,2787300.0,67748.0,0.12870714285714285,-0.09732503612823311,0.5651913736040991
2017-02-20,68674.0,67756.0,67756.0,68533.0,2171300.0,68533.0,0.144815,1.1587057920529018,0.6467709570413426
2017-02-21,69112.0,68536.0,68536.0,69052.0,3051100.0,69052.0,0.2974842105263158,0.757299403207214,0.6206994902776647
2017-02-22,69052.0,68282.0,69052.0,68590.0,3374600.0,68590.0,0.26848076923076925,-0.6690609975091235,0.5280569494171645
2017-02-23,69488.0,67279.0,68590.0,67461.0,3977800.0,67461.0,0.24242857142857144,-1.646012538270885,0.46460365038537993
2017-02-24,67458.0,66452.0,67458.0,66662.0,3059900.0,66662.0,-0.31473333333333336,-1.1843880167800656,0.4945863031377588
2017-03-01,67398.0,66661.0,66661.0,66989.0,2378500.0,66989.0,0.19191250000000004,0.49053433740361824,0.6033730183029435
2017-03-02,67035.0,65594.0,67000.0,65855.0,3095300.0,65855.0,0.5574,-1.6928152383227097,0.46156380081457343
2017-03-03,66801.0,65860.0,65860.0,66786.0,2654400.0,66786.0,0.10127142857142858,1.4137119429048668,0.663333683921672
2017-03-06,66892.0,66119.0,66786.0,66341.0,3337500.0,66341.0,-0.8432599999999999,-0.6663073099152517,0.5282358022620025
2017-03-07,66641.0,65668.0,66343.0,65742.0,2886200.0,65742.0,0.1517125,-0.9029107188616391,0.5128683390528157
2017-03-08,65810.0,64496.0,65748.0,64718.0,3727200.0,64718.0,0.14865416666666673,-1.5576039670226034,0.47034581391584107
2017-03-09,65068.0,64203.0,64718.0,64585.0,3513300.0,64585.0,0.33372500000000005,-0.2055069686949535,0.5581649242557107
2017-03-10,65725.0,64472.0,64586.0,64675.0,3432900.0,64675.0,0.09071999999999994,0.1393512425485794,0.5805635697243896
2017-03-13,65651.0,64674.0,64674.0,65534.0,2162800.0,65534.0,0.09977999999999995,1.328179358330112,0.6577783165983846
2017-03-14,65549.0,64699.0,65511.0,64699.0,2824800.0,64699.0,0.03625714285714282,-1.2741477706228828,0.48875637988776155
2017-03-15,66318.0,64537.0,64702.0,66235.0,3742100.0,66235.0,0.017469565217391306,2.3740706966104574,0.7257092763990202
2017-03-16,66554.0,65531.0,66232.0,65783.0,2860400.0,65783.0,0.33657222222222216,-0.6824186608288669,0.5271893651311182
2017-03-17,66205.0,64152.0,65783.0,64210.0,5213000.0,64210.0,0.2560379310344827,-2.391195293616892,0.41620380429738424
2017-03-20,65136.0,63672.0,64232.0,64884.0,3613900.0,64884.0,-0.3371090909090909,1.0496807350879924,0.6396897465074429
2017-03-21,64965.0,62795.0,64884.0,62980.0,3700200.0,62980.0,-0.20032222222222223,-2.9344676653720483,0.3809180988940154
2017-03-22,63747.0,62496.0,62980.0,63521.0,4063300.0,63521.0,-0.24712068965517245,0.8590028580501747,0.6273051605319785
2017-03-23,63942.0,62840.0,63521.0,63531.0,3447400.0,63531.0,-0.20268076923076925,0.01574282520741172,0.572535165508681
2017-03-24,63997.0,63469.0,63554.0,63854.0,2571200.0,63854.0,-0.2165260869565217,0.5084132155955361,0.6045342568669158
2017-03-27,64356.0,63030.0,63829.0,64308.0,2672800.0,64308.0,-0.04846956521739131,0.71099696181915,0.6176921326588747
2017-03-28,64847.0,64042.0,64308.0,64640.0,3359100.0,64640.0,0.27008695652173914,0.5162654724140076,0.6050442633300698
2017-03-29,65551.0,64476.0,64636.0,65528.0,3488200.0,65528.0,0.055940000000000004,1.3737623762376239,0.6607389474438011
2017-03-30,65775.0,65070.0,65541.0,65266.0,2335700.0,65266.0,-0.33952068965517235,-0.39982908069832745,0.5455436441133779
2017-03-31,65597.0,64859.0,65266.0,64984.0,2614200.0,64984.0,-0.15388750000000004,-0.432077957895382,0.5434490697533962
2017-04-03,65384.0,64774.0,64989.0,65211.0,2858500.0,65211.0,0.30162500000000003,0.3493167548935122,0.5942008934659506
2017-04-04,65775.0,64990.0,65212.0,65769.0,2085300.0,65769.0,0.19748,0.8556838570179878,0.6270895904077756
2017-04-05,66211.0,64493.0,65770.0,64775.0,2982200.0,64775.0,-0.03907499999999999,-1.5113503322233879,0.47335000153187484
2017-04-06,64921.0,63762.0,64775.0,64223.0,2875000.0,64223.0,0.06447777777777776,-0.8521806252412197,0.5161632740276835
2017-04-07,65197.0,64016.0,64202.0,64593.0,2853100.0,64593.0,0.09000666666666672,0.5761175902713981,0.6089316765472385
2017-04-10,64928.0,64115.0,64593.0,64650.0,2984000.0,64650.0,-0.05573043478260868,0.08824485625377364,0.5772441944261331
2017-04-13,63992.0,62826.0,63891.0,62826.0,3212900.0,62826.0,0.28707499999999997,-2.8213457076566124,0.3882654043748805
2017-04-17,64424.0,62828.0,62828.0,64335.0,0.0,64335.0,-0.15564074074074072,2.401871836500812,0.7275149688712502
2017-04-18,64591.0,63717.0,64336.0,64159.0,3144800.0,64159.0,-0.001921874999999986,-0.27356804227869747,0.5537443368730796
2017-04-19,64572.0,63219.0,64165.0,63407.0,3069500.0,63407.0,-0.11820434782608696,-1.1720880936423572,0.495385186878007
2017-04-20,64163.0,63388.0,63406.0,63761.0,2899700.0,63761.0,-0.0857,0.5582979797183276,0.6077742874343944
2017-04-24,64754.0,63761.0,63761.0,64389.0,3194100.0,64389.0,0.01637916666666663,0.9849280908392278,0.6354840426140728
2017-04-25,65148.0,63875.0,64384.0,65148.0,3037200.0,65148.0,0.10100882352941176,1.178772771746727,0.6480743134618506
2017-04-26,65436.0,64679.0,65144.0,64862.0,3221600.0,64862.0,-0.028145454545454546,-0.4390004297906306,0.542999453103152
2017-04-27,65327.0,64292.0,64872.0,64677.0,3112100.0,64677.0,-0.2111666666666667,-0.2852209305911011,0.5529874782410797
2017-04-28,65403.0,64592.0,64679.0,65403.0,2973700.0,65403.0,-0.1745175,1.1225010436476646,0.6444194476459669
2017-05-02,66877.0,65404.0,65404.0,66722.0,3497000.0,66722.0,-0.25243333333333334,2.0167270614497803,0.7024996988581779
2017-05-03,66758.0,65898.0,66720.0,66094.0,3446400.0,66094.0,-0.020266666666666655,-0.9412187884056233,0.5103802183112183
2017-05-04,66099.0,64721.0,66069.0,64863.0,3779900.0,64863.0,-0.0816235294117647,-1.8624988652525192,0.4505427977544016
2017-05-05,65768.0,64863.0,64869.0,65710.0,2760000.0,65710.0,0.06011600000000002,1.3058292092564328,0.6563266676338193
2017-05-08,66015.0,65295.0,65705.0,65526.0,2273300.0,65526.0,0.4594090909090909,-0.2800182620605692,0.5533253931409056
2017-05-09,66536.0,65533.0,65533.0,66278.0,2679100.0,66278.0,0.14907083333333332,1.1476360528645118,0.6460519741219062
2017-05-10,67528.0,66284.0,66284.0,67350.0,3174100.0,67350.0,0.06845454545454546,1.6174296146534297,0.67656520852057
2017-05-15,68593.0,68081.0,68227.0,68474.0,3290300.0,68474.0,0.2528681818181819,1.6688938381588716,0.6799078254542442
2017-05-16,68792.0,68124.0,68473.0,68684.0,3672400.0,68684.0,0.1874772727272727,0.3066857493355142,0.5914319967184332
2017-05-17,68674.0,67163.0,68674.0,67540.0,3317200.0,67540.0,0.08261428571428568,-1.6655989750160152,0.463331505375212
2017-05-18,67536.0,60315.0,67536.0,61597.0,11046700.0,61597.0,-0.3598939393939394,-8.799230085875037,0.0
2017-05-19,63488.0,61597.0,61597.0,62639.0,6120800.0,62639.0,-0.467664705882353,1.6916408266636362,0.6813852492602808
2017-05-22,62638.0,60925.0,62638.0,61673.0,5815800.0,61673.0,-0.14648400000000003,-1.5421702134452977,0.47134824089411276
2017-05-23,62775.0,61670.0,61670.0,62662.0,4753500.0,62662.0,-0.006541176470588233,1.6036190877693641,0.675668210608598
2017-05-24,64016.0,62673.0,62673.0,63257.0,4181200.0,63257.0,0.12493181818181821,0.9495387954422138,0.6331854971390333
2017-05-25,63991.0,62762.0,63256.0,63227.0,4001000.0,63227.0,-0.025957142857142852,-0.047425581358584816,0.5684323583335491
2017-05-26,64170.0,63228.0,63228.0,64085.0,3849400.0,64085.0,-0.03755142857142858,1.3570151992028723,0.6596512132134055
2017-05-29,64055.0,63531.0,64055.0,63761.0,1646300.0,63761.0,-0.21416842105263156,-0.5055785285168136,0.538675185387533
2017-05-30,64107.0,63720.0,63765.0,63962.0,2235300.0,63962.0,-0.22037692307692305,0.31523972334185474,0.5919875799258778
2017-05-31,63984.0,62673.0,63961.0,62711.0,4535100.0,62711.0,-0.196348275862069,-1.9558487852162223,0.44447969212540445
2017-06-01,63293.0,62165.0,62711.0,62289.0,3370200.0,62289.0,0.19734999999999997,-0.6729281944156528,0.5278057738045713
2017-06-02,62773.0,62161.0,62289.0,62511.0,2874500.0,62511.0,-0.17498000000000002,0.3564032172614748,0.5946611613471611
2017-06-05,62800.0,62010.0,62503.0,62450.0,2421700.0,62450.0,0.15980000000000003,-0.0975828254227256,0.5651746301111948
2017-06-06,63302.0,62426.0,62450.0,62955.0,2993300.0,62955.0,0.02445714285714286,0.8086469175340273,0.6240345269147711
2017-06-07,63637.0,62912.0,62955.0,63171.0,2892300.0,63171.0,0.17467500000000002,0.34310221586847744,0.5937972572704512
2017-06-08,63171.0,62376.0,63171.0,62756.0,2702400.0,62756.0,0.16746666666666662,-0.6569470168273417,0.5288437561384755
2017-06-09,63066.0,62095.0,62755.0,62211.0,3099900.0,62211.0,0.14611500000000002,-0.8684428580534133,0.515107037071701
2017-06-13,62012.0,61510.0,61708.0,61829.0,2469100.0,61829.0,-0.046676190476190475,-0.6140393178055328,0.5316306242104308
2017-06-14,62475.0,61508.0,61831.0,61923.0,4328500.0,61923.0,-0.09642941176470586,0.1520322178912808,0.5813872029209837
2017-06-16,61921.0,61269.0,61911.0,61626.0,5088000.0,61626.0,0.13593076923076924,-0.4796279250036335,0.5403606849605141
2017-06-19,62272.0,61620.0,61620.0,62014.0,2752600.0,62014.0,0.5005526315789474,0.6296043877584137,0.6124056602747731
2017-06-20,62011.0,60766.0,62011.0,60766.0,3956200.0,60766.0,-0.3528,-2.012448801883446,0.44080350386739836
2017-06-21,61188.0,60544.0,60783.0,60762.0,3274700.0,60762.0,-0.26592777777777776,-0.006582628443537505,0.5710851205193161
2017-06-22,61354.0,60758.0,60762.0,61272.0,3066900.0,61272.0,-0.2177294117647059,0.8393403772094401,0.6260280764347252
2017-06-23,61400.0,60992.0,61272.0,61087.0,2836700.0,61087.0,0.00566363636363636,-0.30193236714975846,0.551902065365452
2017-06-26,62251.0,61088.0,61088.0,62188.0,2599200.0,62188.0,0.18720000000000006,1.8023474716388104,0.6885756794457308
2017-06-27,62424.0,61580.0,62188.0,61675.0,3275700.0,61675.0,-0.12537307692307692,-0.8249179906091207,0.5179339904199786
2017-06-28,62057.0,61433.0,61684.0,62018.0,2719100.0,62018.0,-0.09022272727272726,0.5561410620186461,0.607634194975276
2017-06-29,62499.0,61689.0,62010.0,62239.0,2915500.0,62239.0,-0.12254705882352944,0.35634815698668126,0.5946575851656051
2017-06-30,63038.0,62238.0,62238.0,62900.0,2688200.0,62900.0,0.1595666666666667,1.0620350584038947,0.6404921635557727
2017-07-03,63338.0,62901.0,62901.0,63280.0,2086300.0,63280.0,-0.07178709677419357,0.604133545310016,0.6107513213285348
2017-07-04,63346.0,63076.0,63268.0,63232.0,950700.0,63232.0,-0.06993750000000001,-0.07585335018963338,0.5665859661214682
2017-07-05,63485.0,62708.0,63215.0,63154.0,3169900.0,63154.0,0.31216249999999995,-0.12335526315789473,0.5635007024595605
2017-07-06,63188.0,62354.0,63156.0,62470.0,3038700.0,62470.0,0.24906666666666666,-1.0830667891186623,0.5011671476206423
2017-07-07,62926.0,62035.0,62474.0,62322.0,2894200.0,62322.0,0.045408695652173925,-0.23691371858492075,0.556125046319871
2017-07-10,63135.0,62322.0,62322.0,63025.0,2224000.0,63025.0,-0.4253222222222222,1.1280125798273481,0.644777423593332
2017-07-13,65302.0,64854.0,64854.0,65178.0,3121700.0,65178.0,0.22049411764705884,3.4161047203490678,0.7933897024496547
2017-07-14,65624.0,65178.0,65178.0,65436.0,2711600.0,65436.0,0.3046142857142857,0.3958390868084323,0.5972225330411864
2017-07-17,65478.0,65119.0,65431.0,65212.0,2255300.0,65212.0,-0.05099130434782611,-0.3423192126658109,0.5492789274936573
2017-07-18,65338.0,64943.0,65208.0,65338.0,2213500.0,65338.0,0.10844000000000005,0.19321597252039502,0.5840621002814969
2017-07-19,65604.0,64874.0,65337.0,65180.0,2622700.0,65180.0,-0.28995000000000004,-0.2418194618751722,0.5558064168045045
2017-07-20,65505.0,64898.0,65178.0,64938.0,2252900.0,64938.0,-0.14359565217391304,-0.3712795335992636,0.5473979458609203
2017-07-21,65150.0,64599.0,64936.0,64684.0,2125500.0,64684.0,0.18061875,-0.39114232036711943,0.546107851832917
2017-07-24,65104.0,64678.0,64695.0,65100.0,1908900.0,65100.0,0.08321612903225808,0.6431265846268011,0.6132839310647319
2017-07-25,65749.0,65101.0,65101.0,65668.0,2737400.0,65668.0,-0.25924400000000003,0.8725038402457758,0.6281820534225022
2017-07-26,65873.0,64992.0,65668.0,65011.0,2942300.0,65011.0,-0.1592590909090909,-1.000487299750259,0.5065307105141504
2017-07-27,65678.0,65013.0,65013.0,65277.0,2483900.0,65277.0,-0.07142222222222222,0.40916152651089815,0.5980878295426018
2017-07-28,65497.0,64953.0,65253.0,65497.0,2760700.0,65497.0,-0.07521578947368421,0.33702529221624766,0.5934025592351756
2017-07-31,66048.0,65503.0,65503.0,65920.0,2572700.0,65920.0,0.35855833333333337,0.645831106768249,0.6134595905985155
2017-08-01,66606.0,65925.0,65925.0,66516.0,2762600.0,66516.0,-0.2522666666666667,0.904126213592233,0.6302359361672727
2017-08-02,67277.0,66305.0,66504.0,67136.0,3713700.0,67136.0,-0.16377692307692307,0.9321065608274701,0.6320532682109341
2017-08-03,67256.0,66705.0,67136.0,66777.0,2722400.0,66777.0,-0.25695333333333337,-0.5347354623450906,0.5367814336876146
2017-08-04,67104.0,66525.0,66783.0,66898.0,2370900.0,66898.0,-0.61145,0.18120011381164172,0.5832816666121096
2017-08-07,68043.0,66887.0,66898.0,67940.0,2996800.0,67940.0,-0.19175833333333334,1.5575951448473795,0.6726789415496912
2017-08-08,68500.0,67671.0,67936.0,67899.0,3134300.0,67899.0,-0.017785714285714353,-0.06034736532234325,0.5675930845439432
2017-08-09,67894.0,67290.0,67894.0,67671.0,2488000.0,67671.0,0.07801428571428569,-0.3357928688198648,0.5497028155068928
2017-08-10,67671.0,66650.0,67671.0,66992.0,2820800.0,66992.0,-0.03975000000000001,-1.003384019742578,0.5063425676716297
2017-08-14,68642.0,67226.0,67364.0,68285.0,2827300.0,68285.0,-0.31258421052631585,1.930081203725818,0.6968720241060227
2017-08-15,68846.0,68293.0,68296.0,68355.0,2753200.0,68355.0,-0.19802692307692307,0.10251153254741158,0.5781708193806769
2017-08-16,68950.0,68304.0,68356.0,68594.0,3753400.0,68594.0,-0.13951739130434782,0.34964523443786116,0.5942222283120343
2017-08-17,68596.0,67866.0,68596.0,67977.0,2661800.0,67977.0,-0.2110950000000001,-0.8994955827040265,0.5130901531825874
2017-08-18,68808.0,67979.0,67990.0,68715.0,3464800.0,68715.0,-0.1097588235294118,1.085661326625182,0.6420266968462177
2017-08-21,69068.0,68514.0,68713.0,68635.0,2643300.0,68635.0,-0.1731619047619048,-0.11642290620679618,0.563950961147182
2017-08-22,70278.0,68645.0,68645.0,70011.0,3907500.0,70011.0,0.12467647058823529,2.0048080425438917,0.701725554963373
2017-08-23,70587.0,69947.0,70011.0,70478.0,3348400.0,70478.0,-0.44658421052631586,0.6670380368799188,0.6148369871445845
2017-08-24,71238.0,70482.0,70482.0,71133.0,3113000.0,71133.0,0.05539999999999999,0.929368029739777,0.6318753997857717
2017-08-25,71506.0,70801.0,71138.0,71074.0,2411000.0,71074.0,0.35538,-0.08294321904038914,0.5661254769881664
2017-08-28,71390.0,70909.0,71074.0,71017.0,2196400.0,71017.0,-0.14793703703703703,-0.08019810338520415,0.5663037730829855
2017-08-29,71330.0,70517.0,71005.0,71330.0,2274700.0,71330.0,-0.08024545454545452,0.44073954123660536,0.6001388311814937
2017-08-30,71454.0,70755.0,71328.0,70886.0,2663200.0,70886.0,-0.16028846153846152,-0.622458993410907,0.5310837637248823
2017-08-31,71234.0,70516.0,70887.0,70835.0,4245100.0,70835.0,-0.41500625,-0.07194650565697035,0.56683971685941
2017-09-01,72217.0,70846.0,70848.0,71923.0,3880900.0,71923.0,0.3535916666666667,1.53596385967389,0.6712739830135851
2017-09-04,72141.0,71671.0,71921.0,72129.0,1998000.0,72129.0,-0.2827,0.2864174186282552,0.590115562488502
2017-09-05,73180.0,71827.0,72134.0,72151.0,4230900.0,72151.0,0.03423684210526318,0.030500908095218292,0.5734937074706351
2017-09-06,73608.0,72157.0,72157.0,73412.0,4242500.0,73412.0,0.11581176470588235,1.7477235242754778,0.6850278374886575
2017-09-08,73646.0,72925.0,73413.0,73079.0,3114100.0,73079.0,-0.25873333333333326,-0.45360431537078405,0.5420509263031216
2017-09-13,75146.0,74196.0,74543.0,74788.0,3212500.0,74788.0,-0.18218636363636362,2.338565114465168,0.7234031780643924
2017-09-14,74949.0,74397.0,74787.0,74657.0,3206100.0,74657.0,-0.18964285714285714,-0.17516179066160348,0.5601358527773256
2017-09-15,75820.0,74648.0,74656.0,75757.0,4825000.0,75757.0,-0.06473076923076923,1.4734050390452336,0.6672107686300645
2017-09-18,76404.0,75621.0,75758.0,75990.0,3437400.0,75990.0,0.14995,0.3075623374737648,0.5914889313840163
2017-09-19,76071.0,75300.0,75990.0,75974.0,3026100.0,75974.0,-0.05767499999999998,-0.021055402026582445,0.5701451094832843
2017-09-20,76420.0,75074.0,75974.0,76004.0,3890900.0,76004.0,0.12487096774193551,0.039487192987074524,0.5740773694012803
2017-09-21,76251.0,75282.0,76014.0,75604.0,3228500.0,75604.0,0.2504058823529411,-0.526288090100521,0.5373300930782835
2017-09-22,75734.0,75029.0,75618.0,75390.0,2801700.0,75390.0,-0.04749473684210524,-0.2830538066768954,0.5531282335969288
2017-09-25,75470.0,74303.0,75381.0,74443.0,3376500.0,74443.0,-0.005331818181818185,-1.2561347658840694,0.48992633001165575
2017-09-26,74971.0,74319.0,74443.0,74319.0,3565400.0,74319.0,-0.044347368421052635,-0.1665703961420147,0.5606938664584611
2017-09-27,74744.0,73125.0,74358.0,73797.0,3788600.0,73797.0,-0.11117916666666662,-0.7023775885036128,0.5258930267220383
2017-09-28,74011.0,73277.0,73808.0,73567.0,3082900.0,73567.0,0.3364275862068966,-0.3116657858720544,0.5512698768657994
2017-09-29,74518.0,73571.0,73571.0,74294.0,3126600.0,74294.0,-0.0811607142857143,0.9882148245816739,0.6356975169680154
